---------------10	
87	35.9157	
90	39.3002	
89	39.1353	
89	33.6047	
91	38.55	
88	39.9897	
90	32.6913	
84	30.4813	
91	34.8849	
88	33.1383	
85	30.5874	
92	34.1561	
91	38.6488	
87	35.158	
85	31.2316	
90	33.3364	
88	35.0542	
88	31.7112	
87	31.206	
88	32.2978	
85	29.2767	
93	31.2463	
90	29.916	
94	35.1174	
91	36.2706	
90	36.3904	
83	30.5525	
90	34.3738	
86	36.2938	
91	32.5311	
89	33.8177	
89	31.8856	
94	34.5006	
87	30.1141	
90	31.282	
87	32.6128	
89	31.4579	
89	31.4157	
91	32.0983	
88	31.2264	
91	30.27	
87	34.8039	
86	33.2819	
82	28.6874	
82	32.118	
91	33.3292	
95	33.5711	
85	29.8904	
84	31.1098	
90	33.9314	
89	32.6453	
89	29.6388	
88	31.433	
95	33.9509	
88	32.1313	
88	33.7808	
94	32.0534	
87	32.5356	
84	29.0647	
87	33.9046	
89	33.3691	
84	31.7142	
90	31.3776	
93	32.663	
94	37.877	
89	31.0164	
95	33.982	
88	29.7277	
90	38.7624	
91	32.7544	
88	32.9115	
94	37.8815	
88	28.7992	
89	34.5987	
83	25.0717	
87	32.9042	
91	34.6747	
90	38.6427	
89	35.0549	
92	38.33	
94	40.8215	
88	42.4116	
91	35.1191	
89	40.4151	
94	45.2678	
87	39.0185	
91	38.1409	
90	38.9513	
84	40.058	
83	34.4353	
84	39.2752	
92	35.4925	
93	40.2725	
85	34.2572	
90	43.3139	
86	30.7749	
87	39.8566	
82	37.2474	
93	41.9945	
82	33.096	
84	33.083	
90	40.5531	
86	36.8639	
92	38.5506	
87	40.2367	
87	37.7762	
87	39.6773	
87	38.4096	
86	34.7253	
88	32.5059	
92	39.1685	
93	43.7771	
86	39.0617	
92	39.2983	
92	37.3551	
90	39.1682	
90	40.0572	
81	36.0414	
94	41.825	
89	35.0678	
90	37.282	
89	37.5397	
89	40.0137	
88	37.7657	
89	38.0582	
89	37.1039	
86	41.1284	
89	35.4578	
86	32.2648	
87	36.5556	
86	37.5705	
88	34.1752	
94	41.6251	
87	35.0009	
90	39.9155	
94	37.4846	
86	36.4918	
83	36.4917	
93	42.5461	
93	42.4297	
88	37.4334	
89	40.6485	
89	41.9374	
88	43.6259	
87	39.2432	
97	44.6447	
93	38.4671	
91	43.2763	
87	37.5156	
85	34.8519	
90	37.3172	
93	39.5424	
83	32.4476	
87	38.5532	
86	42.2401	
87	40.7897	
86	34.0589	
90	39.7334	
92	38.6543	
89	37.8951	
91	38.3585	
91	39.8363	
88	35.248	
90	39.1092	
85	39.2237	
86	39.0736	
90	41.9079	
93	43.0621	
83	37.3746	
91	41.4159	
88	40.7827	
88	37.4933	
90	36.4047	
88	36.3267	
85	36.3688	
86	40.9751	
92	42.8654	
89	41.5934	
85	37.3173	
89	36.7362	
91	44.0137	
88	35.0375	
90	40.69	
87	36.3079	
89	39.7174	
88	36.5556	
94	41.0538	
88	34.2986	
84	34.0098	
89	42.1978	
85	34.2678	
89	40.6548	
87	39.9929	
89	40.6938	
83	33.2669	
84	36.5874	
87	38.5849	
91	37.577	
91	38.2652	
86	38.1923	
90	33.6913	
88	40.1075	
92	37.2666	
89	43.119	
86	38.0989	
89	37.0447	
89	37.013	
88	36.6312	
87	42.9872	
90	39.473	
83	35.3192	
90	41.5975	
89	36.7648	
91	39.8059	
88	39.7767	
86	40.592	
87	39.9379	
88	43.0132	
83	34.8653	
83	33.405	
88	38.4727	
89	35.7947	
89	38.4641	
88	36.6964	
89	35.2521	
81	40.0746	
89	36.1271	
92	39.4398	
87	32.8341	
93	41.8123	
89	39.2021	
91	38.6139	
91	41.1205	
83	35.1121	
89	37.4758	
88	34.8565	
92	38.0382	
83	36.5811	
91	40.2697	
83	36.2913	
85	37.7852	
88	40.2261	
85	32.2496	
82	34.8042	
95	41.7323	
88	32	
89	33.882	
86	29.1435	
91	32.3453	
84	31.2547	
86	31.7388	
87	32.7375	
82	32.1292	
86	30.6592	
87	32.9743	
91	31.8772	
87	31.402	
88	29.576	
93	35.2641	
85	35.4202	
95	32.7921	
86	29.6757	
86	32.6963	
84	26.8436	
82	28.9425	
84	30.6647	
94	36.9624	
87	30.801	
87	32.4267	
95	32.6308	
88	30.9633	
94	36.5863	
88	31.5786	
85	33.66	
87	31.952	
86	35.1952	
85	32.0122	
89	38.5682	
87	29.0727	
89	36.1841	
88	34.0377	
89	32.4414	
88	34.225	
88	35.403	
88	35.4855	
87	31.8158	
95	41.6511	
92	33.7064	
84	32.5519	
88	30.8037	
89	38.7969	
91	33.3223	
87	35.9254	
89	33.8425	
90	31.168	
85	32.3152	
91	31.4203	
86	30.7639	
89	34.7521	
91	35.5739	
86	30.15	
85	33.4323	
89	30.6044	
89	32.3973	
93	32.6937	
91	37.6254	
89	34.3837	
93	36.9799	
89	35.4467	
91	33.6782	
88	30.5233	
82	29.4773	
85	27.4844	
89	37.9633	
91	32.5226	
87	28.6968	
89	33.8915	
90	35.5633	
87	31.8073	
88	32.5405	
96	32.9472	
84	32.8414	
91	37.2225	
91	35.0296	
92	35.1718	
88	30.645	
91	36.4642	
92	32.4482	
91	30.466	
88	33.3667	
86	30.5226	
92	27.2505	
89	31.7267	
91	36.0713	
89	32.751	
90	31.086	
91	35.5845	
89	34.4163	
91	32.2949	
91	32.419	
86	27.6118	
92	37.2703	
89	32.2676	
91	35.7402	
86	31.8574	
86	30.433	
86	31.7496	
89	32.5365	
90	34.796	
89	31.5364	
82	29.0118	
88	34.9139	
85	30.5112	
90	29.9025	
92	32.2115	
94	38.9923	
92	36.6332	
92	33.2196	
89	29.6582	
93	34.9638	
92	40.3311	
90	34.2295	
86	33.2301	
86	31.434	
89	34.0774	
89	33.3229	
88	33.3003	
89	35.274	
90	32.1377	
86	30.9804	
89	35.0004	
87	28.3566	
87	33.0821	
86	31.9241	
91	31.6108	
84	32.0169	
92	33.7724	
86	32.9529	
86	30.5844	
91	31.9573	
87	30.1391	
84	29.3371	
88	28.5043	
96	37.0506	
86	29.3902	
89	33.0719	
83	31.5814	
85	30.2772	
90	33.7919	
89	34.244	
89	40.157	
87	35.4986	
91	37.9428	
90	35.8766	
90	36.7933	
91	41.3927	
89	40.5142	
91	45.4083	
90	40.9854	
88	36.5619	
89	39.78	
83	31.2799	
83	34.6297	
91	39.2538	
93	41.7189	
88	42.3211	
85	35.353	
88	40.7516	
86	41.9737	
91	39.5656	
80	31.5659	
84	35.2268	
82	37.3664	
84	38.2471	
88	36.0884	
89	38.6462	
91	36.8617	
86	34.3375	
84	33.739	
92	41.1829	
87	37.603	
84	38.5236	
93	45.3696	
94	41.1972	
85	35.4551	
89	36.4288	
91	38.1551	
87	35.0591	
83	35.061	
86	41.6275	
92	42.6047	
87	39.6037	
84	37.1129	
89	41.464	
88	36.1236	
82	34.8688	
90	39.0704	
86	36.2356	
91	36.8718	
90	39.189	
92	41.2908	
86	38.866	
93	45.2487	
87	34.0526	
90	35.2493	
92	40.9337	
90	35.2729	
85	36.5178	
91	39.5901	
91	38.8475	
89	37.0882	
85	36.1251	
89	37.351	
90	43.7635	
91	42.4342	
95	39.9123	
86	39.2277	
86	33.1473	
83	34.897	
85	35.4666	
89	37.9505	
82	32.0733	
91	39.5413	
86	38.901	
87	35.5445	
91	35.8283	
87	32.9524	
90	37.6886	
90	39.9653	
89	41.358	
85	37.7622	
92	40.8112	
87	38.996	
91	40.9895	
90	42.2677	
88	41.2622	
90	42.8048	
86	38.1385	
90	33.3338	
90	36.5737	
88	38.5977	
87	38.342	
87	36.4464	
93	46.0562	
90	42.0109	
89	44.8404	
85	34.0465	
87	34.006	
87	36.5103	
84	35.5674	
90	37.8776	
90	37.7969	
87	38.0921	
88	38.3338	
95	39.0938	
85	39.5652	
89	36.1049	
90	34.4941	
85	36.1857	
90	39.8951	
84	34.3038	
89	40.2632	
93	41.4189	
87	39.9004	
91	42.2194	
82	32.8088	
89	34.0263	
90	35.3526	
89	39.162	
89	38.9076	
90	39.9982	
88	38.6186	
90	36.8238	
86	36.4653	
86	41.1369	
86	38.3498	
89	42.5456	
91	39.347	
84	37.5223	
89	36.7579	
89	39.3866	
88	36.5771	
88	42.461	
84	30.476	
85	34.1749	
90	41.4393	
92	38.6776	
86	39.3963	
87	39.8321	
82	34.0388	
86	41.681	
90	40.4249	
92	40.2054	
89	37.2212	
90	38.9153	
89	34.8367	
85	38.2511	
92	44.6147	
92	36.5834	
90	35.2978	
89	37.4134	
85	35.4212	
93	41.0036	
84	38.5168	
88	36.4998	
88	35.7058	
86	34.965	
87	37.6394	
91	41.0816	
89	41.3497	
78	33.5254	
92	46.5544	
85	35.883	
93	40.5048	
87	38.4083	
94	43.03	
91	33.5551	
87	32.3769	
86	38.8414	
84	38.4584	
91	41.189	
87	43.9495	
89	41.6165	
89	38.48	
89	41.7385	
87	38.8791	
89	39.2946	
87	34.4953	
89	41.8223	
88	38.8531	
90	36.581	
91	41.9605	
91	41.3979	
88	34.6274	
91	39.2669	
92	37.4637	
84	32.9568	
87	39.8415	
84	34.6536	
90	38.6943	
86	39.1815	
92	39.0282	
88	35.5603	
89	42.6323	
94	42.4238	
89	37.7192	
87	37.7285	
89	38.7128	
89	34.3109	
89	33.9923	
92	38.7836	
92	37.1323	
90	37.2529	
90	37.6903	
85	32.8071	
86	36.6559	
84	35.0887	
83	38.1008	
88	41.2446	
91	38.2024	
93	47.1657	
86	41.5796	
86	42.2457	
92	39.0144	
87	34.8023	
88	38.5259	
87	33.5459	
89	31.0323	
85	34.2543	
92	42.3052	
88	34.04	
92	44.674	
88	37.9324	
89	37.5553	
89	34.1737	
84	39.8632	
88	35.88	
87	36.2952	
89	36.8862	
87	41.172	
83	32.4121	
91	38.7785	
86	39.6792	
82	36.3654	
91	41.2755	
83	34.2027	
89	37.1824	
83	33.6096	
87	41.5922	
92	42.9434	
86	33.8193	
87	40.4051	
87	40.7592	
87	42.4078	
92	41.2345	
85	37.4087	
92	44.4115	
89	39.0596	
88	37.111	
88	35.0143	
83	38.9804	
83	34.5607	
92	35.8845	
85	36.3768	
87	37.4337	
89	37.561	
88	38.8046	
88	38.0393	
88	37.1129	
90	40.2787	
87	36.0334	
87	35.8791	
85	35.7196	
85	37.9788	
87	36.7778	
87	40.0118	
92	37.5627	
91	43.3218	
85	39.1997	
87	32.9366	
83	41.3473	
87	38.4358	
85	36.3152	
89	39.4315	
89	36.2541	
90	43.5602	
84	36.5325	
92	41.8657	
90	38.2403	
92	40.0153	
84	38.6892	
88	37.0661	
86	37.9643	
89	37.06	
90	39.4932	
80	36.0669	
88	32.2045	
85	35.283	
91	37.7678	
89	43.301	
93	40.0929	
92	38.6468	
88	39.6506	
80	35.4488	
93	38.1522	
86	35.4092	
87	35.4924	
88	38.7318	
84	41.385	
85	34.3659	
88	36.9218	
92	39.167	
90	40.772	
91	39.2695	
82	35.1592	
85	39.4961	
92	38.3635	
91	36.4187	
86	37.3843	
89	40.3547	
85	39.1403	
90	38.5593	
93	38.7724	
92	38.3366	
85	35.1573	
83	36.5713	
90	39.0801	
85	35.8932	
89	38.1376	
88	36.6954	
85	37.0512	
87	35.1618	
91	38.1317	
88	42.1165	
87	42.0257	
84	35.5516	
85	31.7563	
87	36.7941	
86	37.9635	
90	36.3116	
93	42.0246	
84	33.9409	
88	36.7105	
86	39.5607	
88	38.6654	
86	42.6191	
87	38.5094	
87	36.9155	
89	35.3564	
91	39.3553	
88	32.7372	
89	38.7478	
88	38.042	
87	37.6432	
91	39.2926	
86	34.5516	
92	38.566	
86	39.0579	
89	35.9885	
90	39.6298	
93	41.8637	
86	33.8208	
83	37.816	
91	35.4838	
87	42.1839	
88	36.7222	
94	34.4821	
88	35.3619	
87	36.0645	
91	40.601	
89	36.996	
90	35.6054	
92	39.6086	
88	38.9293	
91	38.434	
88	36.4075	
85	39.95	
87	39.3757	
85	36.7973	
92	42.1424	
93	36.3916	
94	41.106	
91	40.7144	
82	33.6686	
84	38.0531	
86	42.2901	
89	36.0583	
88	38.1404	
93	36.5887	
93	39.6435	
90	38.8194	
88	33.6063	
87	36.8976	
89	39.1929	
85	40.5547	
90	39.9016	
90	38.5647	
89	43.6063	
91	40.6307	
90	40.7889	
88	36.8287	
89	35.5706	
88	32.1925	
87	35.7584	
84	40.1214	
91	42.4724	
84	35.0685	
90	38.1332	
92	43.3526	
86	33.3762	
85	38.3609	
91	40.5963	
93	41.4867	
91	36.4502	
86	37.2388	
89	38.4252	
92	39.549	
85	32.1129	
89	37.6543	
84	38.8254	
90	40.9608	
91	38.062	
87	41.2572	
79	34.8471	
93	38.3986	
85	33.9058	
86	32.7562	
87	37.9299	
83	36.6298	
88	36.5082	
89	35.551	
92	42.8795	
85	36.8872	
86	39.7908	
88	40.173	
88	39.1867	
86	38.5077	
89	37.4342	
88	42.1421	
90	42.0468	
86	38.3417	
93	43.605	
88	36.08	
87	37.5766	
87	39.6315	
89	37.0835	
89	37.6582	
84	36.0034	
92	41.9511	
89	42.3486	
90	41.7624	
90	39.7802	
87	37.5906	
87	36.1388	
87	39.6162	
86	36.6591	
82	35.6336	
87	36.9424	
88	38.8656	
87	38.6458	
92	39.132	
88	38.0309	
84	29.9371	
88	37.6213	
89	41.4209	
87	36.2453	
86	37.4611	
92	35.4546	
82	35.2996	
87	34.6746	
89	43.1866	
82	37.0928	
89	36.4977	
86	35.441	
87	42.8015	
93	37.8571	
88	35.8771	
89	38.5988	
86	41.3219	
81	36.5842	
85	42.1288	
91	36.526	
92	43.0302	
89	41.6739	
88	37.4611	
85	38.8898	
87	32.9071	
91	40.8834	
86	35.1863	
90	36.6146	
88	38.3922	
87	41.9475	
89	40.1237	
91	38.5964	
91	37.4415	
94	37.3033	
89	43.0384	
84	38.9273	
87	37.8191	
81	37.0911	
92	40.008	
92	37.0781	
89	41.5261	
90	31.9685	
85	41.0303	
89	37.6235	
85	36.65	
91	37.2608	
90	39.6227	
94	42.4875	
85	34.7416	
90	35.7561	
94	35.4747	
89	40.7744	
88	35.6207	
87	44.8329	
86	42.466	
88	35.139	
91	33.8661	
86	36.9371	
88	40.0723	
85	39.8743	
91	38.8681	
92	41.4022	
89	37.5838	
84	37.7494	
92	40.0305	
89	37.9648	
83	39.8183	
89	40.0552	
82	35.8273	
86	35.4267	
89	43.7636	
85	41.9149	
90	39.5678	
90	40.7327	
89	40.5821	
86	33.102	
86	33.2559	
85	39.3285	
91	41.6249	
89	39.6809	
91	40.8461	
88	40.4789	
87	34.9812	
84	34.3758	
86	37.5294	
85	36.5108	
94	39.3399	
91	39.5911	
92	36.3577	
89	33.6741	
90	41.5226	
91	40.841	
89	36.9084	
84	33.8114	
82	34.7167	
90	37.2413	
89	33.7139	
88	35.2839	
89	36.8324	
88	42.7941	
81	33.8351	
84	36.5426	
88	37.1538	
84	34.5449	
87	35.4167	
86	33.6842	
86	36.6144	
88	35.8569	
88	37.5954	
85	39.2778	
89	40.0431	
86	37.6708	
87	40.9941	
85	39.047	
89	37.4292	
87	39.5268	
90	44.9772	
86	38.8805	
86	33.4329	
91	40.5346	
89	33.6457	
91	40.7714	
85	40.3014	
94	42.0603	
91	39.0766	
92	38.636	
92	38.3917	
89	34.4823	
91	42.3396	
88	39.0445	
91	46.4399	
93	43.3259	
90	38.2996	
86	35.7843	
89	38.7721	
88	37.4135	
92	43.2298	
88	38.6711	
79	36.9471	
89	33.3628	
84	37.7242	
87	42.2801	
90	40.5369	
89	37.8803	
88	38.5915	
91	40.4119	
91	39.0464	
87	40.746	
92	41.957	
88	45.0371	
88	40.7207	
91	42.8103	
85	35.6704	
84	36.2011	
90	37.4126	
88	40.1259	
90	36.6788	
85	35.7277	

平均88.269	37.0534	
---------------20	
85	29.4423	
83	29.1183	
86	26.9415	
84	26.7551	
78	25.8961	
85	28.4248	
78	26.2877	
83	29.0258	
86	30.8553	
77	28.5765	
80	25.9353	
83	28.0952	
85	29.5786	
81	29.7769	
86	31.0723	
83	25.5873	
82	27.3723	
79	25.5134	
84	27.9682	
75	26.8232	
80	24.5157	
80	28.0261	
83	29.1114	
83	28.6523	
81	28.2906	
84	28.4825	
81	30.484	
85	29.3024	
84	30.3921	
81	29.8142	
80	27.9108	
81	31.5327	
78	28.2924	
87	27.0753	
81	26.5747	
80	27.8285	
82	28.8374	
86	28.599	
78	26.4548	
82	24.8473	
82	28.0332	
81	27.3901	
79	29.3284	
82	27.1758	
88	31.184	
79	27.3297	
90	28.9019	
83	26.0942	
82	29.64	
87	29.6231	
84	27.2665	
75	28.5051	
87	30.7262	
85	30.2453	
83	29.6034	
86	29.8748	
85	29.5408	
81	29.0971	
81	28.6819	
87	28.473	
87	31.033	
88	29.1583	
84	34.5557	
80	25.6665	
82	27.2059	
83	30.3948	
80	25.7002	
88	31.7194	
80	26.0542	
84	28.0466	
84	27.9855	
86	26.4521	
86	30.9844	
79	28.1579	
85	27.3192	
84	26.9042	
84	27.732	
83	27.8314	
80	25.8479	
82	23.3333	
83	30.5804	
79	24.3841	
86	30.885	
84	27.4754	
87	31.7553	
85	29.3713	
81	24.1262	
81	28.3979	
89	29.8622	
82	23.4278	
90	28.8716	
83	27.7945	
82	30.7157	
83	29.278	
80	27.7857	
88	31.3376	
82	32.2093	
77	27.9795	
81	26.0418	
88	27.7234	
81	27.1022	
79	26.6315	
84	26.8886	
87	26.0206	
84	29.7969	
78	25.7595	
80	28.09	
81	28.475	
87	29.9398	
81	24.9955	
82	29.2129	
85	25.6421	
84	27.212	
84	27.5616	
84	30.5274	
83	27.3253	
86	27.3878	
80	31.4733	
90	35.0043	
84	29.1609	
79	22.1714	
85	31.6855	
81	29.994	
83	28.1285	
82	29.3302	
79	27.6083	
82	26.9385	
81	31.8129	
86	27.4967	
75	26.5978	
81	26.7233	
78	27.2036	
80	29.0753	
83	28.3817	
84	28.7045	
73	23.1636	
86	29.002	
78	25.0242	
82	27.5579	
84	29.2024	
84	31.4302	
85	26.6508	
87	29.1333	
81	26.2315	
87	28.9909	
82	29.7122	
79	27.2557	
80	28.3385	
81	29.1702	
87	28.7789	
85	27.1455	
83	24.7018	
85	28.8429	
76	27.3473	
79	24.1144	
82	29.0761	
87	31.8104	
82	28.5614	
83	28.5532	
82	28.648	
80	26.2918	
87	31.962	
89	27.3566	
82	28.133	
85	27.7497	
84	30.6751	
81	30.0577	
81	29.0708	
79	26.4535	
88	29.7931	
86	29.959	
81	30.5195	
86	28.5469	
88	28.5949	
84	30.6861	
84	29.4304	
84	29.9093	
78	28.9053	
88	31.8257	
81	27.6126	
83	24.7792	
83	32.7056	
79	28.227	
77	27.6141	
77	24.7878	
88	29.6007	
79	23.8531	
80	31.0057	
87	27.0254	
82	27.0078	
79	26.1324	
78	25.9208	
85	23.8905	
82	24.9779	
85	29.1455	
84	29.551	
81	25.7763	
84	28.4942	
87	30.239	
82	26.7473	
83	29.1458	
80	24.3106	
86	29.2884	
87	31.6387	
82	26.243	
75	25.2934	
86	30.3957	
84	31.1714	
83	26.5325	
81	26.6863	
78	27.8763	
84	27.8053	
85	27.1398	
83	31.283	
87	30.6194	
81	24.7385	
81	26.3743	
85	29.9044	
81	27.9216	
87	29.2144	
87	31.0158	
80	26.5187	
79	26.0109	
89	30.0703	
82	27.846	
84	29.439	
82	27.7275	
78	26.936	
81	29.5404	
81	30.6905	
76	24.8084	
85	28.6018	
86	29.7772	
85	28.225	
86	29.8811	
86	28.7462	
89	31.6558	
89	28.7699	
89	34.8394	
81	29.0994	
83	29.8463	
81	27.6301	
88	26.3735	
78	24.389	
84	30.6896	
80	28.0664	
86	27.3258	
85	27.7138	
85	31.0939	
80	28.6556	
86	31.4254	
82	31.8286	
86	31.8061	
82	30.4187	
81	26.8462	
81	26.6789	
82	25.6203	
78	26.9389	
77	27.2659	
85	29.8633	
82	29.2096	
83	26.1755	
82	28.9077	
88	28.4767	
87	30.5577	
85	26.2367	
89	32.8471	
81	26.2307	
85	29.3189	
79	27.6436	
83	27.0364	
86	28.3914	
82	32.5539	
86	26.0499	
80	26.2509	
80	28.8516	
85	26.481	
78	27.3988	
82	28.9753	
83	28.3166	
85	26.0764	
83	27.2512	
78	23.6886	
77	28.1369	
80	30.2721	
82	30.2518	
88	32.3181	
85	32.0427	
85	31.201	
81	24.4516	
83	29.9544	
83	26.1741	
81	25.2525	
77	25.0395	
86	26.7144	
83	27.7326	
84	31.3749	
79	27.6358	
75	25.1128	
81	26.2322	
81	25.7222	
79	30.3135	
89	32.0769	
78	25.6935	
83	28.6817	
82	28.3937	
83	31.1984	
83	27.0821	
81	28.7104	
82	26.2199	
89	30.1497	
85	33.8724	
83	30.1083	
83	30.5776	
90	30.1783	
79	28.1736	
85	27.568	
82	29.8793	
87	29.1611	
81	27.1513	
85	24.9128	
82	29.5242	
81	24.3765	
83	25.7886	
85	29.6183	
81	25.649	
81	25.3249	
87	34.8274	
83	27.4346	
79	27.1395	
88	26.6952	
86	26.172	
83	28.8803	
78	23.1915	
81	25.4228	
88	27.6474	
80	28.276	
88	27.0913	
83	24.7866	
85	30.1994	
92	30.6172	
83	29.9813	
83	27.5464	
79	27.5359	
82	26.1487	
85	26.9936	
80	28.5335	
85	30.4766	
89	30.6463	
80	27.633	
87	29.9682	
87	24.5259	
82	28.3529	
81	24.0076	
79	29.3692	
87	28.1827	
89	30.2379	
83	29.4444	
87	29.2963	
82	31.123	
83	28.5254	
88	31.1702	
82	26.0187	
81	29.3876	
73	26.3669	
82	29.1445	
87	27.6304	
81	26.1895	
81	29.1073	
87	25.1457	
82	28.3483	
82	25.5906	
77	27.3533	
85	27.6203	
82	29.6397	
81	27.9741	
79	26.0263	
81	27.1846	
80	24.7924	
86	31.5718	
89	29.4129	
85	27.845	
80	25.4894	
82	28.1541	
83	28.151	
84	31.0669	
84	28.3992	
82	23.7971	
86	29.7974	
83	27.5781	
80	26.1949	
81	30.6109	
86	29.5597	
83	26.9054	
85	28.9757	
79	28.5222	
84	26.5531	
88	30.3159	
88	27.7281	
80	29.4911	
80	26.6689	
80	28.8419	
86	30.4598	
81	26.6963	
87	29.1786	
81	28.5455	
85	27.3385	
77	26.1889	
81	29.3213	
87	25.9913	
81	26.31	
83	27.0376	
81	27.9829	
84	29.167	
86	25.0889	
81	27.3139	
82	29.266	
85	26.3822	
86	29.263	
86	30.7296	
80	30.8984	
85	29.0801	
81	25.7296	
83	28.4774	
83	31.6073	
81	26.1967	
84	28.285	
84	24.9754	
87	29.7361	
83	31.0769	
85	26.9862	
85	31.9938	
87	29.048	
86	31.2714	
81	29.1508	
87	27.0271	
85	29.893	
80	28.066	
77	26.6162	
85	29.2923	
82	31.2165	
80	27.8801	
86	31.1041	
82	25.5877	
87	30.0857	
83	28.563	
81	27.3289	
83	26.5986	
92	33.5053	
88	30.6394	
75	23.8943	
85	28.3012	
83	28.329	
85	29.3628	
84	29.5376	
82	26.4515	
81	27.993	
84	29.3618	
82	28.984	
84	27.5459	
87	26.9588	
83	27.787	
80	27.4311	
82	30.0743	
78	26.5961	
86	28.0476	
87	28.1456	
85	29.5267	
89	32.1118	
84	26.8625	
80	25.6498	
85	24.2125	
79	28.7085	
87	31.6871	
81	27.6808	
83	27.7944	
81	29.9382	
83	27.5942	
81	23.8639	
81	30.0328	
85	26.9561	
79	27.5213	
79	26.587	
83	31.7775	
81	27.3405	
83	29.5914	
86	28.2474	
83	27.6399	
86	31.9365	
79	26.7615	
89	28.0155	
85	28.1186	
81	27.2191	
86	29.8801	
84	32.0017	
81	28.2137	
88	28.2969	
80	24.0037	
82	27.8314	
78	26.3547	
78	25.0095	
84	26.5182	
87	27.5337	
79	28.1237	
83	27.3497	
85	31.4741	
84	25.664	
82	25.0398	
81	28.9614	
85	29.5354	
76	26.0297	
92	33.639	
85	30.329	
82	28.0931	
79	26.1152	
85	30.2482	
86	29.5824	
81	27.6587	
80	27.5288	
86	30.0532	
89	30.9792	
77	26.2167	
86	32.8116	
84	29.2761	
82	28.057	
85	31.0064	
78	25.4976	
81	25.2941	
89	32.2127	
85	31.6262	
85	27.7273	
86	29.3813	
80	22.872	
82	30.6166	
84	26.9564	
88	35.1956	
80	23.4359	
83	28.8682	
78	26.7276	
84	27.6856	
81	24.9618	
80	25.7654	
82	27.9639	
88	34.8492	
85	29.1052	
88	30.5292	
84	29.3475	
85	31.864	
80	29.162	
80	25.9321	
89	32.5389	
77	25.6109	
82	27.4144	
79	29.3913	
86	28.2124	
81	28.3255	
86	30.745	
83	31.1935	
82	27.2806	
79	26.5554	
83	25.9399	
84	29.25	
79	29.0837	
80	24.6058	
83	25.1541	
87	25.7232	
82	29.9528	
82	25.0832	
84	30.7161	
80	25.8046	
83	27.6655	
82	30.0685	
79	29.7134	
86	28.6046	
85	26.6681	
75	27.5285	
81	28.8901	
86	28.8728	
79	26.1932	
88	29.8966	
81	28.3084	
79	28.8855	
81	28.8576	
81	28.8217	
84	27.4712	
78	27.9692	
84	26.0798	
83	31.9488	
83	24.2934	
85	31.9736	
82	27.9667	
83	27.6449	
85	24.9663	
88	31.062	
84	34.2944	
83	29.3175	
85	27.8316	
79	25.5016	
83	29.3173	
84	29.7105	
86	26.7114	
83	27.4586	
81	33.1288	
83	28.6189	
86	25.205	
86	27.9917	
85	32.2161	
83	31.1435	
83	27.167	
82	29.5209	
87	29.4778	
83	24.8742	
84	28.0312	
80	26.772	
84	28.5718	
77	30.0137	
82	27.7194	
82	27.4368	
76	26.1953	
89	33.8172	
80	28.6543	
84	27.7608	
86	28.0515	
79	24.4365	
87	29.322	
84	29.2807	
79	27.9853	
82	27.9807	
82	30.5448	
86	29.6968	
78	29.0943	
88	32.196	
83	26.2713	
80	26.2557	
79	25.13	
84	27.2497	
81	27.6964	
84	24.6776	
87	28.3371	
91	29.4047	
77	24.2071	
83	27.694	
85	23.4842	
80	21.9855	
83	24.8645	
84	28.0368	
87	27.0689	
84	24.4955	
85	23.0803	
78	24.881	
80	21.1922	
89	26.3214	
83	20.6965	
87	23.6238	
80	24.0654	
85	23.6511	
86	25.2932	
87	22.3029	
83	28.1018	
86	28.7114	
84	28.2874	
85	24.7863	
81	24.0332	
85	25.5092	
83	22.1033	
83	23.6623	
76	24.7704	
85	26.7294	
87	27.5952	
84	26.0742	
81	25.1993	
83	26.61	
82	26.2629	
87	26.6888	
72	19.6586	
84	26.3293	
85	25.0064	
83	26.012	
88	29.0948	
83	28.605	
80	22.9763	
83	26.5554	
85	28.0889	
84	24.2927	
89	26.0515	
87	26.1289	
80	22.4767	
86	28.9438	
80	22.093	
76	21.4646	
83	26.8211	
81	26.0625	
83	24.1857	
86	27.514	
83	30.1769	
82	24.9745	
81	23.2547	
85	26.8216	
86	28.1414	
81	24.3951	
84	24.6282	
80	24.6418	
85	24.5909	
80	24.5034	
86	24.0811	
84	24.4149	
82	22.5381	
81	26.3116	
81	24.5936	
86	25.4795	
86	26.4095	
87	26.3069	
88	25.9219	
81	26.0808	
87	28.4311	
81	24.4248	
82	24.8956	
87	26.1424	
83	25.8459	
80	24.6066	
83	25.2864	
82	25.2696	
89	26.7452	
85	24.0952	
85	27.1429	
81	24.5256	
87	29.1589	
83	26.0827	
83	21.6006	
89	23.413	
79	22.7785	
91	24.673	
86	27.9321	
82	22.3021	
77	21.3668	
84	19.9016	
82	24.9343	
86	24.6195	
85	26.1466	
87	27.0279	
81	27.9961	
82	26.6944	
81	24.1897	
79	25.2369	
91	26.9075	
87	24.6224	
88	21.6294	
87	25.0808	
88	26.3305	
86	27.6332	
87	26.1363	
83	23.9691	
86	24.3727	
80	21.5102	
81	24.7757	
84	23.0966	
88	25.8978	
80	22.7001	
89	22.7566	
80	22.9802	
87	22.4214	
84	23.4082	
91	24.4353	
86	23.0874	
82	24.9924	
87	27.0097	
81	20.9434	
81	21.6677	
84	22.5901	
81	22.9578	
85	24.868	
88	22.8658	
83	19.9443	
84	22.6998	
83	23.3661	
81	19.4816	
88	23.4481	
87	21.6576	
84	24.6154	
86	23.6985	
77	18.4376	
80	20.5999	
86	25.2143	
78	21.6851	
86	24.9115	
88	25.0761	
83	23.709	
78	21.4439	
79	26.2121	
82	22.9341	
82	23.1519	
85	22.7616	
85	24.8313	
84	25.7571	
85	25.3652	
84	23.59	
86	26.3898	
88	22.9279	
84	22.4041	
82	22.8203	
86	24.8764	
86	23.668	
87	23.0737	
86	29.1938	
85	21.5641	
82	21.751	
83	20.8888	
82	24.4729	
82	22.6512	
83	25.1403	
85	24.7784	
87	24.3546	
80	21.7134	
83	23.0826	
88	25.4732	
73	20.6285	
85	23.6936	
78	21.4539	
83	25.0853	
86	21.297	
85	23.6859	
74	20.405	
85	22.832	
85	21.5363	
90	25.7125	
85	22.2828	
84	26.7936	
82	21.4809	
79	21.9908	
81	21.1333	
82	23.9233	
82	23.9153	
85	27.0386	
78	20.644	
86	24.3847	
88	19.6338	
82	26.0777	
87	24.8813	
87	26.5003	
86	24.1701	
88	22.9605	
83	23.503	
85	26.2057	
88	28.5793	
81	26.6443	
84	28.3693	
86	26.4504	
86	26.7148	
86	25.4106	
85	29.7711	
77	26.5496	
76	27.6882	
87	30.5897	
84	27.0253	
90	29.5488	
84	28.9028	
83	28.1626	
82	27.1218	
83	28.6222	
81	29.318	
83	27.1527	
81	25.5794	
83	28.6264	
81	25.5352	
85	25.6198	
80	30.0342	
84	31.2481	
83	31.0729	
77	26.6425	
77	27.685	
77	25.284	
80	26.4278	
82	28.6084	
83	28.1188	
86	30.8565	
81	28.0283	
89	29.2131	
79	30.3656	
86	27.5883	
86	29.8959	
83	29.6197	
87	30.1475	
87	33.3568	
89	30.2125	
78	24.1879	
88	30.801	
82	28.5323	
89	30.4048	
77	24.1957	
84	31.6654	
83	27.3661	
80	25.8149	
85	30.3126	
85	29.628	
81	30.1982	
80	29.7801	
82	27.1232	
87	28.9945	
76	24.5278	
79	27.317	
80	28.0628	
79	24.1295	
82	26.7706	
85	26.3448	
77	27.6934	
84	27.3772	
85	27.5499	
88	27.8598	
86	29.2743	
83	29.4419	
82	27.8163	
81	27.7389	
85	27.8802	
82	28.6286	
83	28.4427	
79	28.725	
83	26.7531	
85	28.8936	
81	29.3613	
89	25.9173	
81	28.6309	
86	27.3643	
85	26.9811	
80	25.2058	
76	24.933	
87	25.3347	
88	30.3282	
82	26.6108	
84	33.4431	
82	25.7845	
82	31.6966	
84	27.8077	
84	31.2028	
81	28.8369	
87	30.6774	
88	30.3263	
81	25.7567	
82	27.7778	
89	30.9038	
83	27.8476	
82	29.2781	
81	29.9708	
82	24.5258	
85	28.6232	
80	29.5335	
87	30.2578	
84	26.8604	
79	25.8562	
84	29.2478	
86	29.5693	
84	30.2789	
88	32.3762	
84	28.6156	
82	27.7838	
75	26.7115	
78	28.5575	
89	24.7796	
90	30.1671	
83	26.1583	
87	25.8505	
79	23.7987	
84	22.6798	
78	21.3092	
79	24.6019	
88	25.6377	
85	25.3505	
87	21.4982	
80	23.9275	
83	24.0008	
80	21.2922	
85	26.9275	
89	26.3435	
88	24.3819	
85	23.305	
82	23.05	
87	23.2239	
83	24.9537	
79	19.7479	
79	21.6225	
83	22.9669	
82	24.1014	
85	24.5656	
84	24.9504	
81	22.5699	
86	23.4786	
81	21.0603	
84	23.5948	
89	27.8206	
85	25.4823	
81	21.0456	
81	21.7144	
85	23.7228	
88	25.5302	
82	22.5432	
81	25.7572	
82	24.5787	
83	25.1426	
86	25.3033	
83	21.5685	
78	24.7813	

平均83.142	27.3069	
---------------30	
86	22.6511	
85	24.4672	
74	18.8239	
80	19.177	
82	18.6621	
82	21.9617	
79	19.363	
79	21.9283	
79	20.5917	
76	22.7368	
81	19.3167	
81	22.2718	
69	19.6464	
80	22.4851	
78	18.263	
80	21.6611	
85	26.1216	
78	20.3516	
75	20.4108	
79	23.3421	
76	22.0667	
78	20.8146	
83	24.0925	
84	23.9942	
92	22.1233	
86	25.0535	
78	18.6305	
76	21.4155	
88	26.3351	
77	20.6648	
85	21.9504	
83	21.4129	
74	17.4487	
72	19.5926	
76	20.7938	
84	21.9067	
82	16.8371	
85	21.8361	
76	16.2666	
79	23.4374	
74	20.0041	
76	19.7843	
78	19.3109	
88	24.1831	
85	20.7363	
80	18.3761	
82	20.7184	
79	20.1285	
78	20.6723	
86	22.7626	
77	17.3618	
80	22.7355	
85	19.571	
86	22.8838	
65	16.5542	
79	19.547	
85	22.1792	
80	21.9607	
76	19.1406	
78	23.4799	
84	22.4653	
78	18.9458	
86	24.3198	
82	20.9157	
79	18.7545	
83	20.3777	
81	19.7071	
79	21.3611	
76	19.0427	
82	25.1701	
81	23.1172	
75	18.8235	
77	21.1188	
79	23.074	
81	24.4204	
68	18.1113	
75	22.3459	
84	20.552	
76	17.9774	
77	22.5514	
82	22.466	
82	22.1008	
79	24.3814	
82	22.4793	
78	21.894	
79	21.6658	
80	20.5612	
84	21.9439	
76	21.2333	
78	21.2968	
83	22.6442	
77	20.9254	
79	21.9525	
79	24.5869	
80	22.6146	
85	20.6563	
78	22.017	
82	20.9161	
82	24.001	
86	21.1517	
80	21.0431	
84	22.6475	
74	19.622	
76	20.4688	
79	20.8503	
77	18.9884	
83	23.5481	
81	22.864	
79	21.835	
77	20.2912	
82	22.7172	
78	20.8526	
80	20.0808	
80	20.5278	
80	20.3877	
80	20.7644	
82	19.9189	
86	22.908	
79	21.0544	
73	19.2686	
80	19.8988	
74	18.5019	
76	21.9829	
76	18.7398	
82	18.0083	
79	19.1298	
79	22.8367	
77	21.4304	
85	21.4715	
82	22.5869	
77	18.6332	
80	23.1812	
83	23.0264	
79	17.5931	
79	19.0925	
81	25.269	
82	22.5539	
84	21.6828	
83	22.4915	
77	19.0134	
78	24.0582	
74	18.9203	
81	21.763	
75	22.6741	
79	18.0004	
79	21.1633	
77	20.4929	
76	20.2763	
80	19.6897	
73	22.2334	
81	22.1031	
74	22.4554	
80	22.5922	
79	21.4003	
84	23.3979	
75	17.4421	
78	20.4964	
77	21.9772	
79	18.8685	
84	22.399	
83	21.6732	
79	21.7722	
85	25.2047	
80	21.7137	
87	21.7579	
78	18.8583	
77	20.0206	
85	21.0532	
79	19.5465	
76	20.6837	
84	24.4916	
86	23.4847	
87	24.0807	
75	18.8653	
83	19.4559	
78	21.232	
82	21.5619	
82	20.4899	
78	20.8224	
80	19.349	
78	21.233	
84	20.7324	
81	21.6995	
79	19.2584	
77	19.5709	
79	18.2747	
78	21.4423	
74	19.0019	
83	19.625	
82	17.2983	
82	21.1804	
81	21.2646	
82	20.3485	
80	18.6581	
84	24.9828	
82	22.5318	
77	23.6183	
81	20.6659	
81	23.1632	
79	21.9947	
84	21.095	
83	24.3693	
78	18.891	
74	18.2389	
79	23.8096	
76	21.344	
74	21.2235	
81	22.9758	
76	20.6809	
81	22.456	
86	19.9664	
85	22.0589	
77	19.7429	
82	19.5698	
79	22.1292	
80	20.622	
81	20.172	
80	20.9341	
72	18.5613	
77	21.0027	
80	19.5218	
78	21.5707	
79	20.904	
80	21.7151	
85	21.5602	
78	19.5172	
78	19.1678	
78	23.7367	
77	19.2537	
82	20.224	
83	20.286	
81	21.6112	
85	23.1151	
84	20.8345	
81	21.0982	
87	25.8259	
79	18.4378	
75	20.4414	
81	21.8922	
86	22.3013	
73	20.2822	
83	21.0615	
82	23.6806	
75	18.943	
73	17.7804	
81	20.5505	
83	21.893	
85	25.0423	
78	20.4683	
78	21.2585	
75	20.7665	
80	19.4716	
84	22.5508	
89	23.144	
80	21.3278	
76	22.9899	
82	23.1315	
88	23.0189	
78	22.791	
77	17.1984	
80	24.256	
81	21.2489	
78	23.9307	
73	16.8065	
82	21.8339	
75	20.8667	
84	25.8784	
84	24.5091	
82	21.9778	
87	23.6685	
84	21.1576	
76	20.01	
80	20.2098	
88	25.2009	
80	21.6016	
90	24.3975	
78	22.7629	
74	17.403	
79	20.0537	
81	20.4633	
83	17.1789	
82	19.8435	
76	20.9127	
86	25.6385	
76	18.3136	
85	20.887	
82	22.7783	
75	21.9032	
78	17.733	
84	22.0784	
82	20.5806	
82	20.3122	
79	20.6939	
81	22.3622	
87	23.2271	
79	21.3667	
80	20.7961	
78	18.2305	
87	22.8889	
71	18.8527	
78	20.3936	
73	20.4809	
78	22.0428	
83	19.2339	
83	24.0234	
80	21.835	
75	17.4314	
83	24.1303	
80	22.5672	
80	23.6973	
79	22.4031	
79	22.2139	
83	21.1659	
83	20.6568	
87	24.0923	
81	18.6683	
80	23.241	
80	20.5599	
86	25.0099	
78	19.6942	
83	21.4315	
83	21.2015	
78	19.9008	
74	19.5202	
87	22.7936	
76	19.5252	
81	21.1813	
75	16.671	
76	19.423	
75	21.0518	
78	20.1109	
75	20.0555	
74	21.0178	
77	20.1008	
76	20.734	
81	18.9336	
81	18.9505	
81	23.4293	
76	20.7071	
80	20.9381	
79	20.653	
80	24.4868	
80	17.1561	
82	20.194	
80	20.9109	
77	19.9163	
79	19.8993	
76	18.4259	
81	18.6911	
73	15.6462	
76	20.4767	
78	22.05	
77	20.3722	
86	22.2668	
84	24.6805	
82	23.8347	
81	23.6584	
87	21.9239	
82	23.944	
82	19.5144	
86	22.0611	
74	17.883	
76	19.6704	
76	17.5146	
81	21.4227	
82	22.8518	
75	22.4526	
82	20.7332	
78	20.3215	
79	21.564	
81	24.3692	
80	20.7731	
78	20.473	
81	20.4807	
76	20.8766	
82	22.1422	
82	23.0496	
83	21.759	
81	20.081	
79	21.4946	
79	19.4297	
77	20.1102	
85	22.4038	
81	20.6599	
74	19.2407	
77	20.6248	
84	25.5199	
77	23.8553	
74	17.7401	
83	23.2265	
78	20.658	
77	22.4294	
78	19.0698	
83	21.2819	
79	20.8023	
77	19.2865	
83	21.8115	
83	22.4525	
78	17.4646	
74	18.0734	
83	22.7928	
82	21.1993	
88	23.2468	
70	17.526	
87	20.8046	
73	17.5152	
79	22.007	
83	19.9738	
75	18.9132	
74	19.7585	
81	23.5085	
77	21.0382	
81	21.5241	
75	21.4206	
73	19.9529	
83	23.9576	
83	22.1792	
82	20.2163	
81	20.2364	
86	21.9858	
85	20.7955	
78	21.6989	
74	19.3304	
83	21.4652	
79	20.9873	
84	21.3801	
80	21.3672	
78	20.7734	
84	27.723	
79	22.0616	
84	21.7081	
85	21.5452	
84	22.0928	
83	20.8062	
79	23.8896	
87	24.3385	
75	19.6172	
79	22.153	
78	19.2094	
82	20.8888	
82	21.6333	
76	19.6109	
81	22.1913	
80	20.608	
75	18.1669	
84	22.452	
82	23.12	
81	22.3392	
79	23.7294	
85	22.7552	
84	25.1172	
78	17.1208	
79	19.9188	
81	19.8	
86	20.6409	
80	21.0026	
84	22.1689	
82	18.0743	
81	21.2356	
79	21.026	
87	22.0226	
81	23.0648	
78	21.9107	
82	21.9357	
70	19.331	
82	20.0366	
80	24.7636	
77	25.3013	
73	18.1154	
77	22.9169	
78	22.8525	
78	21.6802	
81	24.125	
81	23.7023	
78	21.7714	
83	25.5739	
82	25.8448	
77	21.0215	
79	21.9299	
78	22.2978	
82	26.2215	
75	23.7945	
83	26.2768	
76	23.1481	
78	23.6457	
81	24.23	
79	23.9949	
71	20.9507	
74	21.772	
79	23.6063	
77	24.0153	
80	25.784	
78	23.3894	
79	24.6558	
76	25.1524	
79	25.1117	
77	23.8024	
75	24.6234	
79	23.3551	
80	25.9998	
76	22.825	
80	26.3649	
82	22.8072	
73	22.0042	
79	24.2863	
75	20.163	
79	26.7707	
74	21.961	
86	28.4	
79	25.7741	
86	27.957	
81	23.9548	
79	25.2457	
82	25.3791	
81	24.5579	
79	23.3034	
77	24.994	
77	21.2463	
78	23.9023	
80	23.5899	
77	23.3642	
80	23.5467	
78	23.4141	
78	25.2493	
82	25.5572	
80	24.2078	
79	23.8879	
85	27.8605	
86	25.5391	
76	21.9708	
79	22.0448	
83	24.1711	
72	23.0567	
84	24.9322	
86	23.9312	
75	22.5238	
82	24.0667	
84	24.1888	
78	23.7828	
80	23.7318	
81	26.8718	
73	20.4389	
78	22.5323	
79	25.4503	
74	22.9385	
77	24.5623	
74	21.1916	
87	26.9941	
73	22.488	
79	22.9589	
83	22.811	
76	22.7603	
72	21.2533	
80	25.2907	
75	20.351	
75	21.7255	
79	23.4158	
82	25.0231	
73	19.4968	
79	26.0494	
80	23.8917	
73	21.4929	
76	22.084	
73	20.7224	
80	22.8244	
77	22.4402	
76	21.7045	
78	22.0787	
74	22.1022	
69	22.8783	
74	22.8599	
79	22.6618	
80	21.5867	
81	26.2795	
81	26.4805	
80	23.1998	
81	23.1452	
72	23.3231	
80	23.0488	
72	21.8992	
70	19.5104	
81	24.6138	
74	22.0493	
76	22.2751	
78	20.9384	
77	25.5676	
82	24.0035	
73	24.101	
83	25.7004	
76	22.8399	
84	26.3944	
79	24.0958	
79	23.3513	
74	23.608	
77	23.5817	
77	22.9783	
79	25.4087	
80	22.8203	
79	22.9058	
80	24.7887	
77	23.9293	
74	20.2475	
83	23.8754	
75	22.2776	
73	22.981	
84	24.9906	
78	23.3602	
79	22.2134	
78	25.0116	
80	23.1122	
73	23.7658	
82	24.5593	
80	25.3928	
86	27.9845	
72	20.806	
77	26.5674	
80	24.2897	
78	24.0415	
79	23.7298	
82	25.3769	
79	23.1759	
83	21.717	
78	28.453	
75	18.7584	
71	22.4023	
80	22.4139	
72	22.0154	
81	24.3435	
83	23.8603	
84	26.3295	
72	19.2149	
85	25.9867	
78	24.2973	
75	24.1853	
78	26.103	
79	20.7928	
77	19.3678	
79	21.0609	
77	19.9801	
75	21.2899	
74	19.9732	
76	22.8005	
81	23.7818	
76	24.3534	
74	23.1039	
83	26.9881	
76	21.8136	
80	24.356	
74	21.2071	
77	22.2201	
81	28.3866	
82	24.1477	
77	22.7579	
81	20.4008	
74	21.7952	
79	23.8569	
80	23.4972	
78	26.0613	
77	22.3328	
84	23.7864	
79	22.4478	
79	24.4341	
74	20.8718	
77	21.9585	
80	21.9632	
75	21.7222	
79	21.2964	
81	24.3269	
78	22.6717	
85	23.8821	
83	20.9338	
81	25.2676	
76	22.6921	
81	24.7372	
78	19.7052	
78	19.8582	
76	22.5398	
78	22.3985	
75	19.7728	
83	20.1153	
79	20.8432	
80	21.6083	
83	27.0689	
79	26.9683	
77	21.1818	
81	23.9718	
82	26.2754	
77	21.744	
78	24.8228	
70	20.7233	
82	26.9976	
83	25.9054	
71	23.384	
87	23.0844	
76	21.2672	
74	19.8709	
81	23.4989	
81	21.789	
80	20.5276	
81	23.5027	
77	23.8633	
77	20.5881	
82	24.7216	
83	24.0787	
81	24.0435	
80	24.4429	
78	23.8967	
76	25.8398	
75	20.502	
81	24.8954	
75	21.9355	
79	22.4536	
84	25.1555	
86	23.5832	
76	22.6692	
77	22.0865	
82	26.1295	
79	24.0278	
75	19.3907	
83	21.2735	
84	23.7981	
77	20.6881	
83	21.4057	
76	22.1985	
83	24.8053	
74	23.0757	
81	21.7829	
79	22.1521	
77	22.4871	
73	18.9511	
82	17.8652	
81	21.2864	
82	25.4746	
76	20.2952	
84	22.6033	
78	22.2543	
79	19.4525	
82	22.9109	
78	21.0157	
74	17.8056	
79	21.3767	
82	20.3872	
77	20.4427	
84	23.5003	
84	21.0403	
78	19.8542	
81	22.8009	
85	24.2526	
83	27.4629	
85	24.8781	
77	22.1787	
82	21.3122	
80	19.4635	
82	23.6253	
79	19.5156	
86	20.5106	
77	16.0701	
83	19.7704	
83	23.0254	
79	21.9689	
70	18.7909	
75	19.9091	
83	22.8122	
84	23.4213	
83	17.9137	
81	22.3524	
83	25.5596	
77	19.0776	
84	24.9574	
79	22.6937	
79	20.7178	
81	17.7994	
84	20.5255	
83	21.8436	
83	18.9828	
76	21.8103	
81	21.9807	
83	19.8065	
79	21.173	
79	19.9379	
83	20.4179	
81	21.4777	
80	18.9034	
77	19.6782	
80	24.5545	
79	21.2892	
79	20.9481	
75	21.2833	
77	21.0345	
69	21.1717	
73	21.9129	
79	20.84	
81	24.0086	
88	23.4831	
70	16.756	
79	25.2136	
82	23.7524	
83	23.5551	
84	21.3228	
85	21.2768	
83	21.3883	
84	24.3854	
80	23.5518	
84	21.5363	
79	20.9187	
78	20.5565	
83	25.6752	
86	23.5733	
81	20.6675	
86	26.8744	
80	24.5075	
75	19.5396	
77	22.5025	
84	20.89	
82	19.7734	
76	22.9485	
76	21.4749	
77	17.271	
80	23.0865	
79	18.5359	
79	20.4605	
81	18.6165	
79	20.1708	
74	20.261	
78	19.6567	
82	23.4178	
81	20.8054	
76	23.3472	
66	16.5646	
75	19.3236	
79	22.6483	
82	19.9692	
83	21.5065	
80	20.3866	
83	20.0365	
85	21.4263	
82	21.9733	
88	24.1232	
81	19.7423	
80	20.6999	
82	22.6386	
83	20.9537	
82	19.119	
75	18.3477	
83	23.2705	
80	19.2905	
84	24.1322	
83	23.2222	
77	24.4515	
78	19.8329	
84	19.5442	
76	24.3759	
81	22.8368	
81	22.9163	
83	21.7127	
78	21.7201	
82	22.6345	
78	18.6691	
77	21.874	
79	19.5939	
77	19.7726	
81	21.1644	
80	20.711	
80	23.7217	
78	21.8337	
82	24.0222	
79	16.2592	
83	22.9385	
75	23.4635	
76	18.4543	
79	18.8143	
80	22.6648	
84	20.5775	
80	19.8371	
77	22.6027	
82	18.8241	
81	23.0361	
78	23.1137	
83	21.105	
81	19.5715	
76	18.0034	
74	20.171	
80	22.2898	
81	22.2357	
86	20.9753	
74	15.6824	
83	21.9395	
77	18.7357	
77	21.2315	
78	20.2383	
81	22.9932	
73	22.0245	
75	17.7542	
79	19.5758	
77	20.8478	
89	24.0004	
87	25.9073	
79	20.4287	
80	20.7817	
77	19.4136	
80	21.7065	
86	24.6588	
82	20.4384	
77	22.9551	
78	20.2649	
74	20.6484	
84	22.4163	
77	18.5462	
79	21.9788	
85	22.5885	
72	21.2146	
79	24.3739	
73	19.5869	
83	21.4242	
83	23.7976	
75	17.0357	
74	22.2876	
83	23.1181	
82	22.8494	
86	25.8906	
79	20.6108	
77	19.8961	
85	22.3224	
78	24.2476	
80	21.6653	
77	22.3949	
79	21.6661	
78	21.1232	
80	21.1397	
74	18.4593	
80	19.3264	
85	25.3534	
81	20.1572	
76	17.8819	
84	20.8325	
82	21.0728	
85	21.9979	
79	20.1183	
85	27.497	
80	20.8193	
79	20.6392	
83	21.0289	
76	17.2936	
76	18.1363	
83	25.1571	
77	19.9365	
81	23.3968	
83	24.5523	
81	22.5224	
75	17.2864	
79	20.5566	
76	22.5855	
73	16.8065	
77	21.6781	
77	20.6523	
77	19.4568	
81	20.0552	
90	27.9077	
79	20.8003	
75	19.0787	
81	19.322	
74	17.9242	
78	23.2343	
81	20.0232	
84	21.6278	
83	25.9883	
78	22.2763	
76	20.3459	
77	22.4631	
80	19.9616	
87	22.3622	
86	21.9229	
80	22.038	
75	18.9181	
75	21.3835	
78	21.2695	
78	21.2884	
75	19.821	
76	22.0599	
83	21.9878	
81	18.4389	
82	19.9999	
79	18.9108	
82	20.7975	
79	21.5081	
78	18.7886	
85	21.6664	
76	21.8847	
81	26.2078	
83	23.9946	
79	22.6069	
85	25.744	
78	22.4646	
81	22.6178	
79	25.3121	
76	23.0592	
80	24.7179	
81	22.6261	
83	26.3948	
74	22.5134	

平均79.545	21.8057	
---------------40	
78	22.8889	
73	20.3197	
78	20.3223	
78	20.1954	
75	17.4015	
78	17.6623	
71	19.4461	
76	19.7681	
79	20.6814	
77	19.9408	
78	20.9018	
83	21.6562	
74	22.5853	
69	22.2449	
70	18.356	
75	24.1872	
78	20.0368	
75	20.3598	
82	20.5675	
80	22.4628	
85	26.4806	
66	17.6391	
76	24.0897	
74	21.4207	
70	19.6774	
74	20.88	
77	20.0596	
78	19.6876	
67	18.0877	
74	20.3415	
77	19.9009	
79	22.4342	
72	17.276	
74	19.597	
77	20.3072	
76	19.3276	
73	19.7789	
74	19.2076	
74	21.8577	
76	21.6566	
72	20.1178	
79	22.317	
75	20.0618	
81	21.181	
76	20.7128	
71	21.0497	
76	17.8902	
79	23.795	
73	18.2621	
74	23.0961	
69	12.9634	
71	19.94	
73	17.6567	
75	21.8664	
77	22.6771	
77	18.2692	
81	21.284	
75	20.875	
77	19.9593	
78	21.5876	
73	17.508	
80	19.9369	
74	17.8709	
76	22.1894	
76	20.1929	
77	20.9898	
80	22.216	
79	21.9881	
69	16.9898	
79	23.9882	
71	15.7224	
74	19.6118	
76	19.2456	
74	20.2295	
77	19.3862	
77	19.3574	
79	22.6745	
79	20.5129	
82	21.0715	
82	23.6337	
75	20.1364	
68	17.4982	
68	19.6864	
77	19.4913	
76	21.6732	
72	15.5382	
69	19.058	
75	18.3913	
74	17.5017	
78	21.3632	
82	22.5898	
73	22.623	
78	21.0001	
76	20.5972	
74	17.8515	
76	19.9322	
74	18.9754	
89	21.98	
80	22.1411	
78	19.8268	
69	16.5669	
77	20.5044	
76	19.2698	
73	18.9185	
75	17.1272	
75	18.9414	
67	16.6916	
81	20.8043	
85	20.5547	
73	18.8319	
74	17.4187	
81	23.8404	
82	17.883	
78	20.2809	
76	20.9517	
71	19.3248	
81	19.3108	
72	21.2593	
73	18.2102	
74	17.1485	
79	21.8969	
73	20.4251	
78	19.897	
82	23.3529	
81	19.4928	
83	20.0105	
75	19.916	
70	18.1664	
76	19.7158	
77	21.0561	
65	20.6469	
74	18.9125	
74	20.2051	
79	24.319	
68	16.3095	
80	22.936	
68	17.0555	
75	23.6708	
81	23.6623	
77	23.3809	
77	20.7108	
79	23.0642	
74	17.7292	
78	17.6056	
77	18.9454	
73	20.8671	
73	20.8333	
70	19.676	
65	21.333	
77	21.6517	
72	18.8308	
84	23.5523	
69	17.8494	
76	23.2177	
77	18.8491	
81	22.4339	
72	16.7216	
77	23.6307	
78	21.6116	
79	19.3919	
74	17.6433	
79	20.1217	
74	21.2692	
74	18.5395	
78	22.1594	
74	18.6255	
77	23.6078	
72	19.4562	
69	19.6116	
73	19.6307	
78	21.3233	
83	23.8198	
79	19.9136	
74	17.3135	
78	21.567	
76	19.2038	
71	17.5659	
69	18.3766	
82	23.5653	
79	20.9451	
82	22.4372	
73	17.3245	
71	18.1718	
71	18.4107	
71	18.4707	
81	20.2058	
83	21.621	
75	19.6323	
79	21.1715	
74	17.4541	
76	21.5653	
76	22.7676	
81	20.9695	
74	19.8547	
80	20.3356	
73	20.4695	
69	17.4085	
75	20.53	
76	23.1711	
81	24.327	
75	20.2475	
75	19.2935	
80	19.9709	
76	23.0376	
73	19.8829	
83	20.5035	
72	19.0186	
80	20.0406	
75	16.7569	
79	23.0378	
77	20.7139	
70	18.4816	
76	19.84	
71	19.7494	
72	18.0491	
75	17.9792	
81	21.1097	
77	17.7232	
72	20.8525	
78	18.1406	
80	20.6472	
70	17.5493	
77	17.7387	
78	21.9116	
70	19.8414	
74	18.0277	
78	25.6961	
72	17.8486	
74	21.5634	
75	20.5264	
74	20.444	
74	19.2629	
75	17.5531	
79	18.7334	
74	19.3408	
85	20.7191	
74	18.9892	
81	22.8465	
76	20.9799	
60	15.9377	
79	22.2968	
80	23.1672	
77	20.8284	
83	25.014	
76	19.4264	
72	22.8907	
73	18.8746	
79	20.8719	
72	18.6246	
75	21.291	
78	18.3023	
81	22.2115	
78	20.0413	
76	19.2653	
74	21.3426	
78	22.1858	
84	22.8104	
76	23.3294	
72	17.9621	
72	21.9243	
78	20.4284	
76	20.6653	
68	18.491	
76	22.7847	
84	22.3452	
80	26.7841	
70	20.1559	
77	21.9474	
74	18.6974	
75	21.1938	
81	24.7086	
74	21.553	
67	18.5897	
75	20.7449	
74	18.5633	
74	21.1616	
77	20.4433	
69	17.6857	
79	20.1165	
72	20.8143	
82	24.0213	
80	22.5713	
76	20.7152	
77	20.7443	
67	17.546	
78	21.1493	
71	17.3952	
79	18.5329	
74	17.5849	
72	20.9995	
77	20.5911	
69	19.5697	
74	19.1412	
79	20.256	
77	20.0787	
73	22.6494	
76	21.6078	
78	20.6691	
75	18.1245	
75	20.4753	
77	22.2943	
76	22.7762	
78	19.6706	
74	18.8665	
81	23.0655	
71	18.5871	
75	19.0153	
80	21.2395	
75	21.0261	
82	21.6051	
80	19.6839	
80	21.8732	
73	19.8154	
76	21.047	
75	18.8511	
74	18.7658	
81	20.6711	
80	21.0093	
76	19.1731	
74	19.0684	
79	20.8783	
80	21.1365	
81	23.1888	
72	20.6943	
78	21.4686	
70	19.2277	
74	18.2679	
74	18.3936	
76	19.3206	
68	15.64	
78	22.907	
78	22.018	
79	19.2923	
81	20.9812	
73	22.2181	
76	20.3791	
76	21.7876	
80	19.7146	
76	21.582	
77	21.0738	
76	20.2164	
75	17.9104	
76	21.4312	
80	22.8408	
72	20.1108	
83	21.8382	
82	20.7688	
78	22.9944	
79	19.4124	
82	22.4297	
79	18.7971	
77	20.4901	
80	19.0386	
78	21.3913	
78	24.0589	
71	17.7906	
80	20.984	
71	18.7355	
79	21.2166	
79	18.7248	
72	18.7501	
70	17.5041	
73	20.9477	
77	21.987	
79	20.0513	
67	19.9053	
78	21.6882	
75	17.3533	
82	21.1552	
80	20.8277	
74	17.7693	
75	18.5985	
80	22.6572	
74	22.0904	
77	21.9152	
76	21.1885	
80	25.8408	
76	19.2494	
81	23.4496	
77	21.6458	
78	19.1672	
71	21.2707	
82	21.2576	
77	20.2568	
74	21.0701	
81	23.3336	
81	21.9695	
78	23.1993	
82	20.1216	
80	23.1079	
79	23.682	
75	17.8041	
69	20.9896	
79	22.6672	
80	19.4131	
77	20.7252	
68	17.7405	
75	19.6394	
79	19.5335	
73	18.6201	
70	20.885	
79	17.9661	
74	20.4893	
77	22.1996	
75	19.2556	
75	17.189	
77	22.0471	
73	22.2222	
74	22.1466	
73	20.2694	
73	24.071	
76	20.4178	
73	19.6841	
76	18.1783	
75	21.4201	
80	20.7832	
70	16.6202	
79	18.9606	
76	23.2097	
71	17.6652	
74	19.2278	
78	23.0341	
77	22.2003	
71	20.0803	
75	21.7446	
70	18.8688	
84	24.0853	
78	19.4139	
74	23.6726	
68	21.5055	
81	22.2308	
71	17.6732	
77	20.7746	
71	24.2207	
75	21.3019	
79	20.1762	
75	21.3111	
80	20.7133	
70	22.3565	
83	21.1313	
76	18.2762	
75	20.3301	
80	19.6489	
73	18.6764	
77	22.4088	
75	23.3975	
75	18.5734	
77	22.8252	
78	18.6299	
83	21.9343	
78	21.1504	
75	20.7975	
69	17.3026	
81	21.3346	
75	22.3563	
71	18.5004	
80	20.988	
73	22.236	
74	16.8556	
71	19.583	
76	21.4148	
78	19.9921	
79	22.9034	
78	20.6534	
75	21.5322	
79	21.4435	
74	18.5038	
83	21.9384	
75	18.2642	
72	20.1683	
79	20.0767	
72	16.6185	
80	17.9849	
79	20.7311	
74	20.986	
75	20.0462	
82	21.0558	
74	22.9944	
76	21.1901	
72	18.9123	
74	17.5172	
79	24.3358	
72	18.5192	
82	26.0444	
73	18.7742	
77	18.7691	
79	21.6437	
71	17.8935	
75	20.7756	
78	20.6809	
73	18.4728	
82	23.0666	
71	18.5482	
86	20.0233	
80	22.521	
80	21.5209	
74	20.3335	
78	20.419	
78	23.7874	
78	20.1176	
77	22.4628	
78	18.1254	
74	20.3175	
79	20.1444	
74	21.2632	
76	21.947	
88	24.0215	
77	18.5848	
78	17.5604	
83	22.5005	
77	21.0605	
67	18.9814	
76	21.0866	
77	18.0628	
77	20.5983	
81	23.8737	
75	19.0731	
70	17.1518	
73	21.4801	
68	17.3427	
73	23.6174	
80	19.0274	
73	21.6595	
76	17.884	
79	22.2745	
70	19.2125	
78	22.5605	
72	19.3877	
79	22.8852	
78	17.5811	
85	24.3374	
78	20.6009	
72	21.5627	
74	20.4728	
78	23.3885	
78	19.3475	
75	23.1933	
80	20.8993	
75	20.4693	
72	18.3143	
78	22.3353	
73	19.5657	
76	22.3025	
75	22.0248	
78	19.692	
71	18.5625	
73	17.9568	
77	21.9855	
67	18.5408	
70	19.0699	
74	18.2843	
75	19.626	
72	20.6059	
76	19.5686	
77	18.0603	
70	19.366	
73	19.6931	
76	20.9063	
82	22.8643	
76	17.4454	
74	18.3285	
83	19.8901	
85	22.4628	
70	18.8245	
72	19.6526	
73	20.4901	
79	22.342	
74	21.0843	
72	18.7314	
70	18.1588	
84	22.8466	
73	15.3357	
75	19.6499	
75	21.7629	
79	19.8087	
79	20.0745	
72	17.8637	
84	21.2118	
78	22.5132	
80	24.2779	
82	21.2313	
74	22.5513	
70	18.3701	
77	21.7849	
76	22.7075	
83	21.5938	
78	25.7597	
76	19.0534	
74	21.0708	
74	18.9307	
76	20.7883	
72	21.0729	
72	19.0563	
83	20.6661	
74	19.1988	
68	16.3951	
75	21.3608	
67	20.2715	
75	17.61	
76	20.2773	
74	22.5441	
80	24.3117	
69	18.5145	
68	17.6417	
79	19.2693	
76	18.9353	
72	18.132	
75	21.271	
76	19.4981	
75	19.8759	
79	19.3351	
80	20.3706	
76	20.0337	
72	16.6965	
81	21.3171	
73	18.4771	
76	20.8123	
76	19.2738	
79	22.5422	
77	22.6324	
77	18.6036	
72	19.6099	
72	17.2448	
76	18.1334	
70	18.6938	
74	20.1915	
79	19.7835	
68	19.8055	
78	20.7504	
68	17.6194	
77	20.8022	
71	17.076	
82	20.8264	
73	18.4	
78	21.6672	
70	19.337	
77	20.6227	
68	20.6344	
72	20.1725	
77	18.7232	
83	20.073	
76	21.4975	
73	17.7399	
77	22.1363	
78	19.8869	
79	18.7372	
74	20.1258	
73	18.7267	
80	21.417	
82	22.2009	
75	17.3442	
79	22.7264	
72	19.093	
77	19.5744	
72	19.9163	
76	21.5082	
78	21.0583	
76	21.4009	
73	20.7602	
79	19.5347	
69	18.5062	
77	19.1415	
76	20.0716	
69	19.8987	
74	20.5902	
75	18.595	
73	17.0758	
74	18.3298	
77	22.463	
76	20.1154	
81	20.779	
74	17.3561	
80	22.5215	
79	21.0997	
78	21.0631	
76	21.0691	
75	19.6599	
79	22.6136	
77	18.4385	
75	18.3635	
77	21.1573	
72	20.0876	
74	16.585	
73	17.5517	
78	21.6452	
80	20.3817	
76	21.3176	
71	18.6362	
76	22.4124	
77	19.7155	
79	19.2625	
81	21.8164	
80	24.3093	
77	21.0706	
77	21.5701	
80	21.7656	
81	21.0935	
74	20.6465	
77	20.8844	
76	21.6644	
78	19.2874	
69	17.7447	
76	22.769	
79	18.444	
78	21.0689	
76	19.8588	
73	18.9747	
76	23.3614	
80	20.4089	
77	18.1871	
74	20.1405	
75	20.9395	
80	19.8456	
76	19.801	
76	21.6929	
78	24.1734	
78	24.1382	
77	17.9159	
75	21.0756	
71	19.6297	
79	20.3351	
75	15.5482	
81	22.0623	
74	19.4633	
79	21.314	
83	22.0432	
75	20.0263	
72	20.8721	
80	22.3413	
77	19.5348	
79	19.6065	
76	22.6966	
76	21.505	
72	17.0234	
81	18.7768	
78	19.2067	
72	18.3701	
75	19.0726	
71	20.2543	
76	20.1064	
78	20.6526	
79	18.8911	
74	20.9191	
75	19.4231	
69	18.8771	
80	23.3204	
74	19.6938	
76	22.0801	
80	23.0129	
71	19.5752	
78	20.42	
77	20.0345	
76	19.1897	
68	21.5944	
75	19.8896	
74	21.4747	
78	21.0498	
79	20.7353	
74	19.9884	
76	22.8395	
80	22.2531	
75	19.7912	
75	21.0109	
80	22.6895	
79	21.6328	
82	20.5343	
72	18.0397	
77	20.8025	
76	16.5217	
86	20.9002	
79	18.6762	
78	22.9538	
75	19.4077	
74	19.6211	
78	20.9054	
73	19.943	
73	20.5566	
79	24.7986	
80	21.1036	
77	17.4362	
77	19.4018	
73	18.2114	
80	21.2153	
79	19.8043	
74	17.7775	
81	18.884	
65	18.0936	
80	20.0923	
78	21.3035	
79	25.9476	
75	18.7722	
77	20.6317	
79	21.717	
70	20.6398	
78	22.6197	
78	20.4108	
69	19.736	
79	20.09	
83	23.6537	
76	18.9024	
77	20.6501	
73	17.3468	
80	20.1576	
82	22.1032	
78	19.2998	
76	20.9269	
77	21.7477	
78	20.1877	
79	22.1442	
84	22.2429	
76	22.8107	
76	20.7977	
76	22.1819	
81	20.7565	
83	22.0984	
71	20.4701	
82	20.2685	
77	19.0327	
67	20.8327	
73	18.397	
70	17.1507	
78	20.0118	
70	17.8583	
81	23.6548	
73	18.7424	
76	20.0054	
81	17.876	
78	23.6676	
75	20.9694	
73	17.1609	
72	21.4269	
73	18.3178	
71	20.1409	
75	18.6615	
75	19.8399	
86	20.7578	
73	17.2537	
79	21.6729	
71	18.0179	
86	21.7165	
73	21.8236	
79	24.5384	
81	22.8111	
73	18.5708	
81	20.0231	
77	25.3926	
86	23.3789	
73	19.4495	
79	20.9337	
74	19.1582	
77	18.4568	
71	19.9687	
77	19.8192	
79	21.7908	
70	17.7543	
83	24.2688	
77	20.0894	
79	21.8504	
88	23.2201	
78	22.0291	
76	23.9072	
73	20.5757	
74	19.9958	
79	21.5657	
75	18.6329	
80	21.8642	
74	21.4389	
79	19.3603	
79	21.9305	
77	19.8575	
66	18.8218	
81	23.8063	
77	21.663	
74	15.4092	
75	18.4089	
79	19.9411	
81	20.7854	
80	23.5609	
78	19.6236	
77	21.772	
76	18.9384	
77	23.5861	
75	18.798	
79	17.9804	
74	20.2421	
83	18.9498	
76	19.9027	
74	18.4635	
79	22.4561	
77	19.9105	
81	21.0339	
80	18.9549	
77	20.2558	
75	19.4745	
68	17.1906	
76	24.653	
73	20.2278	
78	19.5352	
81	23.6252	
76	22.852	
74	20.5961	
78	20.5029	
75	18.6772	
71	21.1217	
80	21.4927	
74	20.0055	
77	20.8137	
75	20.9821	
73	20.6995	
76	21.0736	
75	21.1717	
83	23.9327	
73	19.3582	
68	19.8058	
69	19.7574	
78	19.3609	
69	17.4315	
75	19.3367	
70	18.7124	
81	18.8211	
72	20.1549	
73	19.4418	
77	20.0356	
78	22.4859	
68	16.193	
73	19.9595	
79	24.0323	
79	17.8354	
79	22.4918	
71	19.6245	
74	22.24	
78	19.1502	
72	16.9092	
64	16.8599	
79	22.8861	
73	16.7048	
73	21.6831	
75	19.2313	
78	19.0163	
81	24.0778	
79	22.8298	
75	17.4326	
80	19.0704	
71	19.1117	
79	22.3318	
73	20.832	
74	20.1754	
80	21.9441	
81	21.8305	
77	18.0231	
71	19.9848	
67	16.0006	
72	21.8165	
72	19.3346	
77	21.2753	
82	21.3585	
85	20.7752	
69	20.6787	
73	21.5933	
75	19.5428	
81	22.1678	
78	18.6379	
75	19.115	
75	18.655	
75	20.3803	
79	18.9064	
74	16.9799	
79	21.5216	
71	17.8369	
85	22.528	
78	26.0838	
73	20.2988	
70	17.5104	
70	21.6762	
71	18.2044	
72	19.6512	
74	18.6981	
75	19.301	
81	21.7981	
83	22.4949	
72	17.9299	
75	22.1502	
79	20.9961	
72	21.6582	
75	22.8362	
78	18.844	
73	16.3551	
81	23.282	
83	23.3849	
84	24.5016	
74	19.5929	
78	21.2099	
73	19.7066	
76	22.8226	
82	25.1696	
72	17.3864	
80	20.2626	
75	23.5908	
75	19.0191	
65	16.0222	

平均75.998	20.3718	
---------------50	
74	18.9554	
76	19.4935	
76	19.9094	
72	16.3968	
78	17.6268	
73	18.5553	
71	19.587	
71	21.7447	
72	15.8023	
75	19.1406	
69	20.3338	
73	18.0627	
65	19.1236	
65	16.6179	
79	21.0629	
78	21.2749	
84	22.7425	
68	18.7204	
71	18.3414	
77	22.9439	
72	18.3651	
68	17.8796	
63	14.4187	
74	18.2526	
79	20.0844	
75	19.7271	
75	19.7773	
72	20.5358	
76	17.666	
68	18.3953	
75	20.6064	
71	18.964	
74	21.0315	
76	19.0377	
69	16.4719	
77	19.8143	
71	14.5753	
73	18.0099	
70	15.7894	
73	17.7319	
68	16.8474	
76	17.7756	
70	19.3168	
77	17.8761	
75	20.8615	
76	23.114	
69	14.9689	
68	19.2782	
69	18.2743	
75	19.3015	
74	20.5492	
74	21.8219	
81	18.8121	
59	16.6046	
73	17.9069	
67	14.802	
74	22.1797	
79	19.645	
71	21.5148	
70	15.3638	
77	22.8455	
72	15.9445	
76	20.4812	
81	20.6145	
69	17.1394	
80	20.4395	
73	18.0109	
72	18.3902	
73	19.0089	
80	19.8295	
83	21.6383	
72	20.419	
76	19.5782	
70	16.2087	
74	19.6511	
71	20.1681	
76	19.2658	
77	18.6483	
70	18.2375	
76	19.1378	
75	19.5492	
74	18.1285	
75	19.1724	
75	15.9361	
75	17.3784	
76	21.457	
80	22.2935	
80	20.8358	
66	18.8811	
71	16.1043	
75	21.2126	
73	17.8934	
67	16.1704	
68	17.2542	
72	18.7295	
80	21.6189	
73	20.9454	
73	18.1552	
75	18.5546	
73	18.4853	
68	18.0437	
74	22.3447	
79	21.7375	
72	17.4212	
64	17.8401	
76	17.3384	
76	17.5451	
72	17.6364	
71	19.1253	
72	18.5737	
67	16.2876	
66	15.4575	
72	17.3976	
71	18.6577	
79	20.8686	
80	18.4199	
80	22.3485	
75	20.1564	
70	18.4921	
76	22.5554	
70	17.2582	
69	17.3308	
70	16.9706	
71	16.9528	
73	21.1645	
81	20.8593	
68	15.3687	
68	17.7925	
70	20.7405	
79	19.7249	
72	17.288	
78	22.2165	
76	17.9787	
82	23.522	
78	18.8573	
76	18.9827	
73	19.1286	
67	18.5405	
80	20.7004	
73	20.8226	
69	18.0558	
71	22.2478	
77	19.0463	
74	17.8856	
77	18.7444	
73	18.0912	
76	21.7989	
68	17.2887	
81	21.7167	
73	18.1505	
73	19.171	
74	17.8924	
75	19.4826	
75	19.4859	
72	18.6492	
78	19.8777	
76	19.7515	
72	18.4722	
74	17.5049	
78	20.5647	
75	16.8153	
74	19.3984	
78	18.9497	
67	17.8012	
76	19.7284	
71	17.8654	
77	20.2202	
75	19.6323	
74	18.7684	
76	21.882	
67	15.288	
75	17.4543	
74	18.9557	
69	16.4571	
69	17.9825	
72	17.6149	
77	21.081	
82	22.2429	
70	17.2906	
71	18.3786	
76	16.9426	
69	20.5648	
67	18.2399	
71	16.2617	
73	18.4536	
71	16.7598	
75	23.2259	
72	20.3504	
74	20.4415	
69	19.7132	
71	21.9504	
75	21.792	
68	19.843	
68	19.0956	
66	18.5269	
75	23.9438	
80	19.9108	
77	18.287	
73	17.7723	
75	20.9263	
76	19.0905	
78	20.655	
72	20.3745	
76	21.3185	
75	19.214	
78	20.3822	
82	22.6348	
70	21.7893	
76	19.5499	
76	19.208	
74	17.4944	
69	17.0478	
71	17.8515	
83	20.1839	
76	20.5958	
70	18.8627	
79	18.9506	
70	18.8818	
78	20.0997	
77	18.5998	
74	20.7037	
73	18.6343	
77	20.3006	
62	16.4922	
77	19.2128	
72	21.219	
70	18.2561	
68	18.1534	
68	19.3466	
77	19.8732	
70	16.5868	
77	20.7071	
77	18.4701	
74	18.5426	
76	20.8516	
68	20.4011	
74	19.9838	
73	20.4604	
71	20.2565	
78	17.1368	
75	23.685	
67	17.2829	
75	22.5129	
79	17.6724	
78	20.4711	
77	18.91	
73	20.9943	
72	16.6349	
76	20.2613	
79	24.0587	
81	20.5519	
72	16.3123	
69	19.1489	
71	19.5775	
73	18.63	
73	16.8117	
72	17.456	
78	19.8618	
79	20.8974	
76	21.2131	
76	20.7838	
73	15.9097	
66	17.2021	
74	17.6365	
76	16.2981	
75	19.7534	
83	19.1402	
77	19.2097	
73	19.6928	
78	20.2786	
74	19.2321	
75	23.0894	
67	16.3618	
76	21.234	
81	23.4364	
79	19.9	
77	19.2387	
76	21.0484	
74	17.9785	
75	17.7282	
77	20.1331	
75	20.6214	
79	25.8152	
71	16.4988	
71	16.7178	
73	20.1844	
70	21.7818	
77	21.9691	
72	17.1763	
79	21.1697	
77	19.1004	
77	22.7445	
71	18.227	
79	20.365	
72	21.3369	
76	19.726	
73	19.1763	
71	16.1276	
68	13.8187	
70	17.5875	
64	17.8434	
66	18.1081	
73	17.4241	
75	19.5654	
80	19.9554	
72	16.6733	
73	18.7661	
72	17.7745	
69	17.0134	
76	17.0814	
70	16.6558	
66	18.4713	
75	18.9634	
78	18.6468	
69	17.6409	
74	16.9926	
71	22.1058	
72	20.0494	
79	20.8082	
78	17.2283	
69	18.0936	
72	20.2898	
74	19.0719	
77	20.6676	
74	21.4514	
73	17.512	
81	23.0534	
76	20.2681	
74	18.444	
73	14.1464	
67	19.1883	
74	19.188	
69	20.3841	
73	17.4665	
74	19.512	
71	19.4469	
71	18.715	
70	19.5263	
69	18.8236	
71	15.1546	
76	19.5548	
70	15.6365	
71	19.0936	
74	16.8691	
75	16.9077	
64	19.8559	
72	20.7867	
68	16.1595	
75	18.9549	
65	16.9024	
75	16.1567	
71	15.8623	
70	17.0303	
76	21.7979	
70	20.7552	
78	22.4145	
70	19.7217	
75	18.212	
81	24.2432	
79	20.7483	
67	16.4572	
71	17.8161	
75	20.1886	
73	16.5596	
76	20.4999	
70	17.0778	
75	17.1684	
73	20.5327	
66	15.7551	
72	19.3892	
75	20.0842	
77	22.2857	
77	21.5162	
72	18.5963	
70	19.0264	
76	21.9995	
66	17.9535	
74	17.9355	
73	19.0768	
72	21.7079	
82	18.8907	
64	17.2044	
80	19.6326	
72	18.5686	
71	19.6744	
75	20.0166	
70	17.0403	
78	18.5044	
75	19.4188	
74	19.195	
77	21.4327	
75	17.3431	
72	18.9162	
61	14.6407	
77	19.3761	
70	19.4888	
75	20.0293	
72	18.9192	
71	19.9312	
76	21.4629	
80	22.9933	
68	17.9186	
68	18.4437	
71	18.7224	
75	17.9411	
78	21.7653	
72	17.6465	
77	18.1425	
73	19.2978	
69	16.0151	
67	17.4481	
73	18.4472	
78	20.4412	
79	22.9203	
78	21.0764	
71	17.2786	
72	16.9182	
76	18.8894	
75	19.1771	
67	18.0607	
72	17.8157	
66	19.0857	
73	19.1757	
72	21.0313	
74	19.7593	
73	19.0792	
75	17.8243	
71	17.0311	
76	19.9738	
79	22.9009	
77	20.4295	
76	19.3483	
77	20.417	
78	19.2072	
74	16.394	
73	17.9725	
73	18.5845	
70	18.3529	
76	18.5196	
80	23.8029	
70	17.4403	
78	19.1809	
79	21.9023	
80	20.5265	
72	19.4977	
76	20.4676	
74	16.2823	
72	18.196	
71	18.3349	
75	19.8149	
75	20.8424	
73	19.7398	
66	14.8773	
72	17.5621	
71	18.8414	
73	20.1214	
70	18.9184	
74	17.5132	
75	20.0363	
77	18.5724	
70	19.5724	
72	18	
71	18.7531	
74	17.8581	
76	20.7053	
76	19.2304	
74	19.1543	
69	17.5589	
73	19.7285	
78	18.7236	
69	14.5458	
78	21.4271	
72	16.424	
81	20.0545	
75	19.3375	
68	19.6819	
83	21.654	
69	16.8679	
71	16.9697	
71	15.3153	
79	19.9661	
82	20.2508	
72	17.3228	
72	21.7247	
70	19.1451	
67	16.8023	
72	20.3253	
77	17.1269	
77	20.0375	
72	19.4704	
78	19.0635	
75	19.6482	
78	19.9096	
65	16.2148	
80	17.6975	
73	22.1537	
81	19.9857	
73	17.7563	
77	21.0393	
72	15.8116	
78	18.4468	
71	19.7059	
73	18.2357	
73	19.2117	
75	17.7604	
71	17.376	
70	19.8192	
72	17.6131	
72	19.4897	
77	19.7565	
72	17.2924	
74	17.5559	
74	18.8224	
70	18.1429	
76	21.293	
75	19.3937	
73	19.5661	
68	18.1275	
77	19.9114	
71	21.1731	
74	18.1653	
72	19.5924	
85	21.3921	
74	18.8739	
80	18.1996	
68	17.2676	
65	19.2469	
70	20.0564	
75	21.5404	
69	20.9503	
69	18.2342	
73	20.1165	
77	19.4154	
75	19.1112	
79	20.1241	
74	16.9545	
78	18.8232	
73	18.3916	
73	15.7984	
76	20.6308	
70	15.1374	
69	15.6458	
75	18.5902	
76	17.4303	
70	16.3028	
73	17.6643	
65	14.6047	
71	16.3677	
68	14.0417	
83	21.4925	
76	18.5562	
79	21.3913	
75	16.5767	
78	19.6633	
80	19.3011	
72	19.8053	
75	17.5718	
80	21.4843	
76	18.0887	
76	18.4979	
70	17.968	
67	17.0097	
76	20.3616	
85	18.8731	
76	21.2102	
76	17.5345	
72	18.0409	
76	18.6298	
72	18.2411	
61	14.2706	
71	18.3518	
76	18.5205	
75	20.0623	
68	15.7099	
70	16.1104	
74	17.9128	
77	18.9033	
65	20.5587	
77	20.738	
72	15.0829	
75	18.2918	
73	18.6166	
75	16.6612	
73	15.8201	
77	17.7399	
77	20.6591	
76	17.9321	
72	16.0435	
84	19.8824	
71	16.3718	
73	16.1123	
71	17.4451	
73	17.9924	
71	20.1952	
77	18.9886	
70	17.9085	
73	18.145	
73	17.2002	
72	16.1997	
76	20.3517	
77	16.2444	
76	17.5271	
72	14.8675	
71	15.193	
79	19.6766	
68	17.3489	
68	16.2269	
69	17.9802	
74	18.4823	
69	16.6277	
76	17.6811	
77	19.9499	
74	15.8589	
72	16.8956	
76	18.8299	
77	17.5077	
71	20.0792	
77	20.6305	
68	14.5218	
76	19.0619	
73	17.368	
73	18.2958	
77	16.0373	
80	20.9754	
77	21.1212	
73	18.5318	
64	17.6541	
74	17.3989	
75	16.8872	
79	18.7627	
72	18.6713	
82	19.4994	
77	20.6817	
76	17.2022	
74	18.3618	
78	23.3849	
83	19.1215	
67	17.2674	
77	19.9314	
73	18.3952	
75	15.3076	
83	17.9865	
72	15.0731	
68	19.726	
74	19.5376	
71	18.438	
74	18.4956	
67	14.6435	
75	16.8449	
78	19.6203	
81	20.3377	
78	18.6202	
73	18.6545	
81	22.742	
78	19.0174	
68	14.4637	
73	18.1383	
76	16.9065	
79	21.4023	
70	13.8878	
62	13.6252	
71	15.9153	
75	15.7845	
68	15.9572	
77	19.6489	
72	19.2754	
73	18.5349	
72	17.2942	
69	15.7065	
71	15.28	
75	18.1691	
69	19.2867	
76	19.1605	
73	16.9198	
77	17.3373	
72	14.6039	
82	23.077	
73	17.5904	
71	15.7876	
77	20.0941	
74	20.624	
76	17.9962	
76	18.0943	
78	14.728	
81	21.7937	
72	17.2465	
76	18.0526	
80	21.6487	
72	18.4659	
72	14.2216	
78	18.1462	
74	15.1454	
71	17.0554	
75	18.4173	
75	20.4958	
70	16.9804	
70	15.8158	
75	16.241	
68	15.6728	
74	15.7545	
74	18.4011	
74	17.3242	
69	20.5636	
72	16.1663	
74	16.8548	
69	13.2446	
76	19.1063	
70	17.5231	
71	17.2616	
71	15.3944	
68	17.9792	
72	16.8447	
71	18.0715	
86	22.2652	
72	14.9819	
75	19.4388	
74	16.9961	
77	19.1025	
72	18.1629	
77	16.1874	
76	16.9617	
77	17.1355	
77	19.337	
79	21.3452	
73	18.1802	
76	21.13	
79	17.7941	
68	15.4873	
80	19.9243	
75	19.5534	
74	18.6108	
76	18.3965	
75	15.5761	
69	17.8332	
77	20.7173	
76	17.8089	
77	17.3809	
77	18.1191	
78	19.2602	
80	19.1202	
74	16.4694	
80	15.6485	
76	18.4294	
79	21.6796	
70	18.3842	
78	21.5214	
75	17.3439	
78	17.7767	
67	16.2869	
71	20.6413	
72	19.4454	
74	20.6085	
68	18.1084	
77	22.0794	
75	18.7208	
81	18.1686	
77	20.5714	
81	16.538	
77	16.8936	
72	17.1838	
79	17.5801	
69	15.1844	
68	13.8732	
75	16.4944	
72	17.972	
70	18.3376	
72	16.0607	
78	18.4425	
72	18.8475	
75	18.5514	
78	20.0785	
76	15.8388	
80	20.2637	
73	18.6928	
76	15.9812	
81	20.396	
74	16.5143	
70	14.7992	
77	17.7616	
78	21.06	
71	15.7508	
73	18.3026	
72	17.6717	
72	15.0751	
76	21.1246	
74	18.1915	
75	19.9995	
81	20.7269	
76	18.4137	
71	18.2883	
67	16.7071	
69	19.175	
74	20.9406	
75	19.8482	
73	21.3653	
66	15.0283	
75	18.8304	
74	17.6086	
74	20.0089	
77	20.4287	
71	20.1935	
79	20.8491	
69	16.0469	
78	18.0115	
75	18.2347	
72	19.2959	
80	18.7295	
75	18.9924	
77	18.8338	
73	15.864	
82	17.741	
73	17.482	
75	17.9604	
73	20.163	
74	18.3213	
77	19.575	
74	17.4409	
75	18.8203	
71	16.2261	
78	19.6757	
79	15.2861	
73	18.8027	
72	17.5972	
64	14.5148	
79	18.1349	
71	21.7723	
75	15.0197	
78	17.767	
71	17.6891	
73	17.3895	
79	18.9956	
67	17.0171	
71	18.5103	
81	21.816	
