---------------10	
74	21.1633	
71	20.4446	
74	23.7299	
78	26.3941	
70	23.802	
73	21.3981	
76	22.1364	
77	19.4851	
74	22.2809	
80	23.8241	
75	20.5781	
74	23.688	
71	22.8012	
70	22.7628	
63	19.9893	
68	21.3946	
70	22.2722	
70	20.2604	
68	19.0481	
72	21.5962	
77	22.2461	
82	26.5517	
73	22.0996	
75	20.7403	
75	25.7231	
76	22.9884	
80	24.4898	
71	25.7557	
71	21.4927	
68	19.9689	
67	18.3434	
76	23.3167	
67	19.2783	
63	19.5086	
75	23.0813	
77	24.2186	
79	23.4631	
70	18.7399	
72	21.7702	
77	23.5492	
75	23.6356	
69	22.6709	
75	21.037	
69	19.0725	
68	20.5676	
73	23.013	
69	22.6454	
67	22.1154	
71	22.8755	
77	22.8113	
75	20.1441	
72	24.7208	
70	21.9209	
84	24.1272	
79	27.5245	
81	23.5378	
80	29.5702	
72	23.8859	
68	17.8512	
67	21.1156	
73	22.2425	
71	21.419	
75	22.8392	
71	20.8748	
79	24.9438	
70	18.5947	
66	17.088	
71	20.2932	
81	24.2328	
74	21.0664	
77	26.7801	
67	21.1821	
70	17.8458	
73	20.8608	
74	22.7074	
71	21.7379	
74	21.1692	
75	22.991	
71	17.859	
72	24.0658	
72	19.7878	
69	19.3014	
68	22.6445	
77	22.8839	
74	19.154	
80	23.1827	
73	20.9579	
77	23.606	
68	21.4792	
75	22.2185	
72	19.4786	
68	20.6093	
76	22.2791	
75	24.1683	
69	22.2922	
78	19.1272	
78	24.0947	
71	19.1438	
79	26.0853	
72	21.6514	
73	22.9595	
75	21.8068	
70	20.5258	
69	19.6291	
69	19.8744	
73	19.7996	
71	20.0572	
69	20.9217	
69	17.9648	
79	26.4697	
74	23.4941	
68	19.6348	
70	23.7075	
77	26.2417	
75	23.6333	
70	20.5119	
76	23.7359	
76	23.1922	
73	23.4319	
71	21.6132	
68	23.7005	
77	24.2894	
69	19.9979	
76	20.9952	
75	23.8034	
69	23.2303	
76	24.7711	
74	21.4855	
74	23.2047	
70	21.5947	
70	21.5955	
76	25.9925	
73	23.0981	
74	22.5778	
72	22.1668	
77	25.1121	
71	23.4724	
73	21.865	
68	18.8757	
71	20.8187	
68	23.9049	
76	25.7927	
68	19.8543	
68	20.0531	
74	25.1437	
75	23.2505	
67	22.7941	
71	25.0844	
77	25.4665	
70	20.1886	
74	22.2075	
71	21.3392	
75	22.6547	
72	18.5581	
71	21.7686	
66	19.2943	
67	17.5121	
75	20.9992	
75	21.8841	
76	26.8987	
74	24.1074	
71	21.1217	
70	21.0956	
72	19.1208	
68	20.3013	
78	27.0366	
72	25.097	
74	23.0158	
75	26.9167	
68	19.4565	
69	19.3615	
65	19.207	
79	24.5344	
74	24.2328	
75	21.6678	
69	24.7194	
70	20.1728	
69	20.8214	
81	24.5332	
73	22.317	
70	19.2184	
73	21.2692	
71	20.6227	
68	22.5923	
67	18.4482	
67	19.3815	
76	21.4497	
72	21.6794	
72	23.0848	
76	21.7719	
75	23.9492	
68	22.1672	
78	26.4484	
77	25.2574	
66	19.1275	
77	26.0518	
67	20.9711	
76	24.5896	
75	24.3475	
75	24.0268	
59	16.5182	
68	21.3772	
73	25.8243	
69	22.3015	
76	25.5113	
76	24.1054	
66	19.596	
69	20.8247	
71	22.3158	
80	27.2376	
66	20.6964	
68	22.7262	
65	19.1067	
73	24.0211	
69	21.2679	
64	19.2785	
67	23.8373	
75	27.7435	
71	17.7561	
73	21.4445	
71	23.3846	
78	22.3975	
66	20.5216	
69	21.0492	
77	19.8026	
82	23.7314	
72	21.5694	
75	23.1762	
74	21.8806	
72	21.2285	
71	21.2938	
73	21.1672	
68	24.2267	
71	21.6706	
73	18.5661	
74	21.3146	
82	20.0785	
73	18.9767	
69	17.5215	
76	22.1797	
66	15.0388	
70	18.112	
70	20.0479	
78	18.0947	
69	18.8045	
76	22.8262	
75	18.8203	
79	24.0972	
72	18.0794	
77	24.1796	
69	22.6441	
69	15.8627	
77	20.431	
75	20.1028	
68	21.1012	
73	19.773	
67	21.2692	
79	24.6559	
73	21.6499	
68	18.6026	
70	18.0209	
80	22.5309	
67	17.793	
70	18.6515	
67	15.1186	
81	24.4775	
74	21.7053	
73	20.7521	
80	22.412	
81	21.2934	
68	20.4233	
69	17.5004	
70	22.2601	
74	21.3143	
79	22.6805	
76	22.6163	
74	22.4442	
70	19.2533	
72	21.0967	
67	18.8642	
69	19.2462	
75	21.9576	
74	23.3991	
72	20.0423	
74	20.771	
70	23.0895	
73	22.9224	
70	22.0801	
71	22.8844	
69	20.0497	
71	23.1879	
75	23.4994	
76	25.5199	
77	24.7076	
68	22.9518	
72	22.3087	
72	23.7446	
77	26.6791	
69	20.4338	
69	23.3943	
74	24.3338	
72	22.0269	
74	22.2957	
66	18.7035	
74	23.1364	
71	19.2081	
62	18.7813	
69	20.7169	
71	19.4911	
73	22.6202	
67	20.5888	
75	23.6081	
65	22.8034	
72	22.3131	
75	23.977	
69	20.5402	
74	23.8046	
78	28.2838	
77	25.3764	
74	22.7069	
75	23.4792	
67	21.4765	
83	23.7465	
72	23.5996	
71	20.9212	
74	25.2197	
81	25.5882	
75	25.9361	
71	26.7338	
71	22.8998	
74	20.7233	
81	26.7887	
74	23.9322	
71	23.2626	
77	25.9414	
76	25.1212	
72	20.6687	
65	21.2227	
72	23.8653	
72	23.4616	
70	22.0944	
69	22.6253	
78	24.0743	
70	20.4872	
67	18.5104	
71	25.179	
75	24.3743	
71	25.0257	
68	18.8526	
71	22.8239	
68	18.5198	
67	20.6155	
71	24.2767	
71	23.7294	
78	24.1653	
73	21.0313	
68	19.9558	
72	22.6128	
75	22.3068	
73	24.8987	
70	22.626	
72	21.2411	
71	22.3852	
69	22.0468	
72	22.7703	
65	20.6839	
76	23.3084	
63	19.4944	
73	23.2128	
74	26.4387	
70	26.8674	
78	28.6294	
77	23.6375	
69	21.3434	
74	24.4447	
70	21.0227	
71	19.0035	
78	24.3911	
83	27.976	
75	23.5886	
69	19.3457	
74	24.7848	
70	22.7538	
72	20.6459	
74	25.3795	
68	22.188	
68	22.6683	
74	20.3984	
73	23.7364	
69	23.572	
71	21.2094	
77	24.2182	
72	21.2249	
67	22.7762	
73	22.3574	
67	19.391	
75	23.2323	
73	23.3685	
78	23.314	
73	21.512	
76	20.1726	
63	20.3476	
74	23.951	
71	23.3272	
74	19.815	
71	21.7983	
73	22.905	
69	22.1837	
73	25.1549	
74	24.2192	
67	18.2048	
71	21.6192	
75	21.654	
70	24.2529	
80	21.6634	
74	23.3237	
80	23.2846	
66	22.8942	
63	20.5533	
70	25.5112	
71	24.7046	
69	20.0719	
68	20.2587	
82	22.2825	
74	25.1863	
76	25.2166	
67	20.9159	
74	22.5056	
74	23.6046	
71	21.741	
68	19.5907	
74	23.2803	
71	23.5532	
69	20.4198	
72	23.7323	
80	26.2259	
68	19.1812	
75	21.4752	
68	22.0029	
72	21.0265	
74	21.5577	
74	24.8536	
68	23.0641	
75	25.5583	
73	24.3579	
72	19.8424	
75	23.2107	
75	23.3547	
72	23.4203	
72	20.1632	
80	24.4869	
75	23.5118	
76	25.439	
76	27.3403	
65	20.1672	
75	23.5775	
70	22.9499	
71	22.3627	
71	23.5524	
67	21.9327	
74	22.374	
73	23.0533	
70	19.1517	
73	20.0093	
79	22.1826	
72	22.7613	
66	18.8609	
73	20.3837	
70	21.3258	
69	20.461	
68	22.5118	
74	22.2087	
74	18.9016	
80	25.4716	
73	23.589	
59	19.0955	
73	21.415	
71	24.3136	
65	20.8775	
72	23.5767	
64	19.9543	
66	19.105	
71	20.2121	
69	21.8744	
77	24.5063	
72	21.3388	
75	23.6894	
69	20.6219	
76	26.3654	
66	21.4392	
76	25.4714	
71	20.9542	
68	20.6353	
74	16.699	
77	22.3591	
66	19.4893	
75	23.5103	
70	22.3208	
76	23.3893	
71	25.2578	
69	23.0252	
72	22.2267	
71	24.2529	
65	20.6923	
67	20.7745	
78	27.6795	
68	22.3271	
71	23.9141	
74	23.1619	
77	24.8187	
67	22.8972	
77	24.5367	
71	21.6322	
71	24.4536	
74	22.7375	
76	20.1836	
70	19.4098	
76	23.2069	
78	25.1468	
72	23.2081	
75	24.0241	
70	20.5424	
76	21.9719	
63	18.7164	
69	24.5028	
69	21.1744	
63	18.451	
73	22.7253	
73	19.4136	
71	22.5406	
74	23.6801	
67	19.6342	
77	25.2052	
72	20.8697	
76	24.113	
72	21.9537	
71	23.3353	
72	22.7402	
74	20.6244	
65	22.0852	
74	21.2238	
72	20.3466	
68	20.1833	
77	23.6699	
69	24.3009	
78	26.216	
76	22.32	
73	24.4995	
69	21.0084	
71	19.0917	
76	26.3688	
77	24.7681	
69	21.7139	
69	21.1714	
67	19.1276	
75	24.847	
75	21.9369	
69	22.0441	
72	23.652	
73	24.1192	
72	20.6346	
65	21.1873	
65	20.7394	
70	22.7014	
70	19.7937	
81	28.1312	
69	19.9235	
67	22.1504	
76	23.9556	
68	20.9924	
71	21.2369	
75	22.3715	
76	23.1076	
74	23.4017	
71	23.8294	
80	25.8809	
73	21.0496	
73	22.166	
69	18.2779	
72	23.5028	
74	26.3712	
69	21.3899	
75	25.3821	
76	23.2494	
72	20.7977	
73	22.338	
79	26.6157	
74	24.8634	
71	22.9188	
80	24.4705	
71	21.5449	
72	23.4262	
71	22.4235	
72	25.1483	
72	20.5366	
69	21.2849	
71	24.3892	
70	23.4305	
76	25.2	
75	20.5648	
72	23.7459	
70	17.3113	
67	18.9667	
66	19.5056	
67	18.0144	
77	22.4779	
76	22.9643	
73	21.3109	
79	21.8522	
70	21.5107	
71	18.2301	
74	20.9508	
77	19.7935	
80	20.3586	
74	22.1319	
77	21.4958	
70	19.0717	
75	24.1579	
84	24.9367	
73	19.7202	
77	23.9716	
74	21.1434	
72	20.4287	
75	20.8031	
75	19.4357	
66	22.2798	
71	17.0731	
67	19.4042	
72	21.259	
76	24.1404	
75	23.2553	
80	27.5883	
72	19.0957	
76	19.5104	
83	22.3854	
79	21.9061	
69	18.9607	
75	18.2471	
74	24.2182	
74	19.2529	
70	20.6235	
68	19.2706	
81	21.5882	
79	23.5455	
75	18.7374	
69	19.7935	
68	18.3827	
68	20.0779	
82	22.9826	
74	21.9359	
75	17.6645	
76	20.1054	
70	20.2419	
79	20.7809	
72	18.7974	
73	21.1124	
70	19.5429	
75	18.7303	
76	21.6984	
67	19.1308	
77	22.7336	
75	23.0466	
76	21.0423	
77	22.075	
77	21.1606	
70	19.6039	
70	20.6664	
75	21.7955	
72	22.1594	
72	20.9786	
71	21.2364	
72	20.62	
71	20.8483	
78	26.6686	
79	26.3306	
66	17.4783	
81	25.0487	
77	21.8331	
81	24.3361	
79	23.8771	
72	23.9732	
80	26.7361	
73	20.1397	
81	24.4367	
67	21.2321	
76	21.8071	
75	20.9153	
71	22.683	
71	17.7431	
79	25.2693	
66	19.8582	
66	20.6502	
77	21.7805	
78	24.0092	
71	20.5696	
74	23.0434	
66	19.2981	
79	24.6506	
73	23.5818	
78	22.5966	
66	19.139	
73	22.1029	
70	21.4794	
66	22.0017	
75	22.5571	
74	23.6035	
75	27.4141	
70	19.7878	
75	23.8007	
78	25.231	
70	21.053	
75	20.6706	
76	20.1977	
78	26.0036	
66	22.9576	
70	23.0715	
72	20.5524	
71	17.4155	
72	24.5717	
73	20.0981	
71	26.5784	
77	22.9281	
76	21.8481	
78	23.066	
76	19.4941	
74	22.9514	
71	20.083	
77	22.8065	
76	24.4817	
69	22.1358	
79	23.8401	
68	20.6632	
77	20.076	
69	22.65	
73	23.4097	
76	22.6494	
69	18.7583	
76	25.9471	
76	21.6954	
68	23.391	
69	22.1508	
67	18.4688	
77	21.8623	
71	25.7709	
75	22.2985	
70	24.5657	
72	23.2927	
76	23.9637	
76	23.3875	
74	21.471	
66	21.151	
73	20.7548	
70	19.7795	
78	21.1469	
65	16.7316	
70	20.4121	
75	19.7826	
63	16.5929	
73	20.8421	
78	21.0167	
73	22.5566	
72	23.7006	
70	20.2838	
79	24.4954	
74	22.0012	
76	23.0006	
70	16.2661	
73	21.5692	
71	23.078	
85	26.3672	
71	20.9843	
74	21.9347	
76	24.7173	
70	22.0699	
74	23.9414	
74	25.3788	
78	21.6097	
76	23.3141	
66	18.4917	
73	21.61	
70	22.3745	
75	20.5883	
73	20.1221	
71	20.2593	
72	21.3027	
74	21.6309	
74	18.4611	
76	23.2658	
73	18.2699	
69	18.9034	
68	20.6337	
68	22.6684	
72	19.8178	
67	17.6989	
72	21.3381	
78	22.8062	
66	19.5434	
70	19.6512	
69	20.7342	
75	20.6333	
69	19.6163	
76	23.3282	
75	21.5022	
77	18.4601	
77	22.1304	
73	21.2506	
73	19.8831	
74	21.7658	
77	25.0259	
70	18.4968	
75	21.1424	
75	21.7794	
71	19.7118	
68	19.6006	
74	18.3691	
67	17.8059	
65	19.9152	
64	18.6383	
73	21.4436	
77	22.0116	
68	17.5831	
74	24.0016	
69	20.9954	
75	18.8708	
70	19.354	
66	16.909	
64	17.5795	
71	21.663	
75	23.4283	
76	21.5702	
71	21.5419	
67	22.0993	
78	25.528	
78	28.6128	
76	22.4841	
66	18.711	
69	20.1484	
67	23.549	
74	23.4445	
73	23.5788	
73	18.2373	
73	25.1424	
74	22.0031	
76	23.3818	
80	23.6622	
75	24.1328	
77	23.7579	
75	28.7316	
74	27.5618	
68	22.0431	
79	25.2823	
71	22.6518	
77	22.6949	
71	19.2825	
79	27.8782	
71	25.8849	
65	21.4658	
73	21.097	
73	22.1489	
72	22.7668	
68	23.1059	
76	22.624	
76	23.5288	
67	22.2954	
77	21.3938	
77	24.214	
71	22.0554	
69	20.0598	
69	22.4613	
76	24.5219	
71	21.9039	
69	21.3388	
77	23.3438	
70	24.6695	
74	24.0027	
75	27.624	
76	28.0767	
74	22.2281	
72	19.3394	
74	25.397	
66	23.7345	
71	22.3331	
74	22.5916	
69	23.3227	
67	17.4669	
73	18.5875	
78	25.253	
78	23.8833	
72	21.7512	
70	18.6297	
66	18.1665	
69	18.0086	
71	26.1679	
70	23.4667	
75	24.4908	
74	26.3096	
71	22.1452	
72	23.3814	
70	25.8761	
78	21.6998	
78	29.0497	
69	22.0762	
67	25.9526	
70	21.0529	
77	26.2213	
75	25.8321	
75	23.6842	
71	25.7231	
74	26.3498	
68	23.5524	
70	22.8979	
72	23.9759	
75	20.846	
77	23.2803	
63	23.338	
73	24.8801	
78	25.9181	
70	23.2098	
79	21.8454	
74	20.7247	
74	22.9221	
71	22.4015	
75	24.1414	
77	23.2274	
69	23.5918	
69	22.2768	
72	22.2203	
76	23.7878	
74	22.04	
72	20.8793	
69	17.9368	
68	18.6441	
79	26.8489	
70	21.5066	
64	19.5357	
80	25.2364	
75	22.0057	
78	25.219	
77	25.7562	
72	23.547	
74	25.1547	
70	22.7686	
71	22.656	
74	23.2288	
72	23.7239	
74	22.5172	
72	22.0638	
71	19.492	
68	18.3658	
79	27.104	
67	22.3141	
69	21.2445	
78	23.2492	
77	27.9335	
72	25.8683	
67	18.5009	
80	23.014	
73	22.2531	
69	22.5931	
70	22.7518	
77	22.6572	
73	24.4641	
65	16.2747	
78	22.4782	
71	26.0789	
68	23.9806	
68	22.845	
75	25.7122	
78	26.0391	
73	23.0096	
71	23.9091	
62	20.186	
70	22.5346	
71	17.7799	
67	23.1463	
73	23.6205	
72	20.2909	
67	22.8851	
63	20.8496	
70	24.3217	
70	21.5666	
74	19.5444	
75	23.5017	
74	23.6925	
69	22.5677	
77	27.0521	
72	22.7238	
75	25.5794	
70	20.6033	
73	25.1287	
69	21.0269	
66	19.8909	
67	21.9517	
76	24.2188	
77	21.6464	
71	21.7251	
69	20.7785	
71	24.6935	
69	19.3317	
77	24.4249	

平均72.493	22.1807	
---------------20	
83	25.1511	
81	25.4566	
86	28.3585	
81	26.2917	
86	26.5138	
84	26.0763	
86	25.763	
83	24.7786	
84	28.5312	
82	23.3262	
85	25.4482	
88	25.5524	
84	23.3986	
83	24.7807	
84	23.965	
85	27.3122	
83	27.3561	
87	26.5262	
87	22.4489	
83	27.4003	
80	24.65	
84	25.3624	
82	26.5106	
85	26.52	
82	26.2018	
85	27.4273	
85	25.7599	
85	29.2149	
78	20.665	
79	24.3557	
78	25.2558	
81	26.1392	
85	26.2676	
79	29.1596	
85	27.1251	
87	24.4585	
86	29.2766	
90	24.3725	
85	26.0917	
79	27.4036	
81	24.6523	
85	30.5129	
88	25.2236	
82	26.3445	
81	25.6118	
76	22.1983	
82	25.7077	
86	26.6412	
79	21.7173	
84	23.0037	
80	25.5465	
87	26.9086	
79	23.4588	
86	28.7828	
88	28.2727	
80	28.2535	
76	19.1655	
83	26.2093	
83	28.2531	
87	25.895	
85	26.3916	
87	23.6572	
83	26.4997	
86	25.7277	
86	27.0205	
85	25.795	
86	27.306	
84	25.1699	
81	26.5694	
85	24.8809	
82	26.4256	
84	31.1888	
82	21.8182	
84	25.1176	
81	22.957	
79	20.3969	
86	26.0371	
85	28.1167	
84	22.2874	
83	25.1892	
85	26.1801	
85	29.9942	
84	25.282	
83	27.673	
85	27.01	
84	28.3948	
77	23.6577	
80	19.3416	
85	25.8356	
83	24.8834	
88	30.8169	
88	26.9363	
89	26.3315	
87	25.3847	
82	29.1829	
86	26.0538	
81	33.8734	
82	23.5037	
83	28.0015	
78	24.3868	
76	24.4733	
83	28.2672	
79	23.1843	
87	26.9005	
84	25.724	
77	26.8606	
89	28.756	
89	25.7235	
77	24.1152	
86	26.8624	
81	26.8004	
78	27.5895	
83	25.4245	
84	26.6119	
83	26.5703	
84	24.3256	
87	29.86	
85	23.0523	
81	25.9214	
83	24.3999	
89	33.8859	
81	28.0339	
84	24.5515	
85	25.6828	
87	24.99	
87	26.3154	
82	26.5261	
82	27.729	
83	26.1164	
85	26.0736	
84	27.1508	
82	25.1684	
88	27.5514	
84	24.7103	
80	23.7299	
79	22.3337	
81	26.5597	
84	30.0642	
90	28.3585	
83	26.3857	
83	26.3996	
81	26.1352	
88	26.4908	
80	24.3679	
83	24.6587	
90	29.5299	
78	25.9767	
83	23.3886	
85	25.5808	
77	23.78	
87	25.6193	
77	25.5116	
88	28.9592	
82	22.4228	
87	27.4428	
80	25.4412	
85	26.011	
82	28.0412	
84	28.5895	
83	23.2979	
81	25.0802	
83	24.1257	
84	26.8997	
90	26.7469	
84	25.1231	
81	25.1762	
83	27.6877	
84	23.5086	
79	24.232	
82	26.7911	
83	27.8545	
87	25.8018	
84	29.0963	
88	31.0231	
83	27.7354	
84	28.9715	
91	33.8457	
79	25.223	
80	28.573	
79	27.1397	
83	29.385	
82	23.2221	
84	29.1402	
87	32.3564	
83	28.5877	
84	24.3926	
82	26.5677	
82	29.9242	
84	25.9849	
82	28.1108	
85	26.4647	
80	25.8762	
83	27.6676	
86	28.021	
87	25.1836	
79	24.6887	
74	24.3903	
78	27.5285	
83	29.3025	
86	27.9559	
88	29.6387	
87	26.7452	
80	23.8333	
85	28.0507	
76	24.5238	
92	30.0748	
80	27.0684	
79	22.0432	
88	28.0536	
82	27.1678	
87	27.3981	
83	23.2828	
83	24.3449	
83	26.035	
80	22.8584	
86	29.8685	
85	25.7287	
88	26.7019	
89	28.9925	
81	25.5907	
91	26.6135	
83	26.0619	
86	32.6458	
82	29.4465	
86	25.9933	
84	26.2152	
84	26.7963	
85	29.1156	
81	27.6894	
82	23.9539	
85	24.8028	
80	26.2334	
86	23.9217	
87	29.9194	
76	24.564	
87	26.8634	
88	28.5002	
83	25.8254	
83	26.9996	
79	22.7397	
87	27.2737	
83	32.0864	
88	25.5885	
88	27.6258	
84	30.6083	
85	33.2873	
77	28.6011	
80	20.3109	
82	28.1254	
79	25.9398	
79	27.2672	
84	27.9462	
80	23.9308	
82	21.4591	
87	29.4831	
82	22.5224	
81	26.7971	
80	24.3841	
84	24.4941	
84	27.504	
76	26.2131	
91	30.5092	
84	26.407	
92	28.8907	
81	29.292	
80	23.5486	
86	29.3521	
85	23.7017	
90	25.8168	
83	28.1026	
84	31.7551	
83	25.5619	
79	23.2545	
83	30.2908	
86	27.3074	
80	29.7198	
87	31.1157	
82	28.7297	
82	25.3236	
79	23.6049	
86	25.785	
84	24.2636	
86	26.738	
84	22.2478	
85	25.8405	
85	26.3733	
75	22.1333	
87	26.589	
84	24.7044	
81	24.8776	
84	25.9873	
87	27.4788	
85	31.3694	
89	24.8164	
85	27.5088	
85	25.9527	
84	23.7403	
84	25.6952	
80	24.9488	
86	28.1027	
80	25.6077	
84	25.0693	
76	25.9559	
85	25.4369	
81	24.7871	
88	29.7978	
88	29.6443	
79	27.3378	
85	25.7704	
81	27.7568	
79	26.9562	
82	28.3929	
82	26.3127	
82	26.7683	
81	28.0716	
79	28.4027	
80	21.9408	
86	25.4681	
89	29.8442	
82	24.203	
88	25.2991	
84	25.4543	
82	25.8368	
82	22.5956	
81	28.6691	
83	26.5211	
79	24.328	
78	25.3564	
88	26.4449	
76	28.4475	
86	23.805	
85	26.5927	
89	24.8891	
82	24.8632	
85	25.741	
85	26.8408	
84	24.8081	
84	26.6147	
89	26.6424	
75	22.9262	
81	23.3055	
79	23.9313	
82	24.5897	
83	25.2925	
90	28.9078	
79	26.2141	
83	30.7866	
90	28.1329	
76	20.3621	
88	28.8204	
84	23.7931	
82	21.7827	
87	27.3561	
80	24.3443	
86	28.8134	
89	28.961	
81	25.1208	
86	27.2488	
83	22.115	
86	23.1255	
83	29.4542	
81	30.5045	
86	26.0899	
74	19.6231	
87	27.32	
82	25.166	
89	29.7769	
86	27.4029	
83	26.8751	
88	29.1245	
86	26.1375	
79	27.7422	
81	27.5169	
86	28.3159	
87	28.1887	
86	27.0578	
88	25.2432	
83	23.053	
84	24.3161	
80	24.8021	
81	24.1558	
83	28.3323	
83	27.1571	
88	26.4061	
81	23.1127	
83	25.8679	
73	22.8402	
87	32.0041	
84	28.2975	
85	27.9473	
88	27.0173	
78	24.2878	
78	25.9598	
86	29.1866	
81	27.6695	
81	24.4697	
78	23.9433	
86	30.4185	
79	21.7177	
84	32.9082	
85	26.1012	
82	24.1844	
86	27.3407	
85	26.7672	
81	27.5637	
82	23.3185	
81	20.9379	
81	25.3862	
83	22.5814	
85	24.9816	
82	24.8868	
80	27.1374	
79	27.4074	
84	26.4746	
86	28.2996	
90	29.8321	
82	24.2011	
81	28.488	
87	26.1739	
89	30.7703	
81	27.4692	
84	27.3498	
87	26.007	
82	26.9979	
84	22.189	
83	21.4122	
86	25.13	
83	21.1379	
86	24.0144	
87	23.186	
83	25.1538	
87	26.3253	
82	21.3279	
85	24.011	
86	23.7268	
84	29.4312	
83	22.3626	
87	26.3471	
86	25.4919	
86	21.5064	
89	24.184	
85	23.3068	
85	23.4116	
88	26.6598	
83	23.8418	
83	20.1045	
75	19.7962	
84	24.972	
86	23.6836	
89	23.6582	
85	28.0367	
88	25.4611	
85	24.2353	
79	24.7568	
79	25.0785	
83	23.2925	
86	22.3527	
89	25.3612	
82	23.1151	
84	22.8411	
86	22.4623	
87	22.3847	
85	22.1461	
82	21.9552	
85	23.3842	
82	25.8847	
87	23.1768	
80	23.694	
83	21.641	
82	22.764	
85	22.8403	
83	26.9902	
84	25.1402	
87	28.4132	
87	29.3168	
77	25.2713	
80	26.4363	
75	20.0766	
81	21.6678	
86	23.4322	
84	21.8737	
84	22.3807	
83	27.0259	
88	26.4642	
86	23.3613	
81	20.53	
84	23.4381	
85	21.3664	
80	24.1809	
82	25.058	
79	23.5057	
90	25.5638	
81	20.0455	
83	22.4344	
90	24.5749	
84	28.0743	
85	23.5688	
81	21.716	
81	22.1483	
82	21.7199	
83	24.0879	
75	22.3528	
77	21.5755	
84	22.1885	
85	25.4748	
82	28.0723	
80	24.1983	
85	22.7649	
87	27.0992	
84	22.6023	
85	28.6628	
82	26.0555	
86	26.7328	
79	22.8378	
82	21.8462	
82	23.3257	
84	22.7132	
78	20.6705	
85	22.1783	
87	26.4272	
83	23.6519	
82	22.6901	
80	23.0199	
83	22.6903	
82	26.8296	
88	28.1662	
80	21.5946	
86	27.1234	
81	23.9702	
86	24.0639	
77	25.4007	
81	23.3628	
88	27.8689	
88	22.3085	
79	21.9449	
86	25.8852	
89	26.8218	
83	25.45	
84	25.3786	
82	27.5347	
81	24.1327	
88	25.3806	
79	23.7312	
84	23.1349	
90	28.6648	
85	24.9433	
83	22.8528	
86	24.9744	
76	19.8838	
89	23.3795	
84	20.4122	
85	25.4956	
75	20.2168	
86	25.6436	
83	20.6818	
73	19.1534	
86	25.7401	
83	24.5892	
88	26.7814	
87	26.7175	
76	22.8724	
83	24.6195	
76	21.6639	
82	23.7025	
88	26.3663	
83	21.1564	
79	23.6148	
85	25.582	
80	22.4102	
89	26.078	
86	22.7004	
85	24.354	
85	26.8966	
85	23.2342	
81	24.5783	
91	26.4863	
85	23.6917	
81	26.8725	
82	22.2079	
86	26.1494	
86	24.3135	
89	27.8454	
84	25.5019	
88	23.38	
87	25.7044	
88	27.4674	
82	25.2314	
86	27.8575	
80	23.1658	
77	23.4677	
84	23.7868	
83	26.1184	
85	24.2625	
83	24.9963	
79	24.4806	
83	23.9868	
85	22.9385	
83	23.9326	
80	24.7223	
86	25.3148	
88	29.2495	
89	23.7281	
88	25.2964	
88	24.321	
89	22.3703	
81	21.669	
83	24.6501	
83	25.1688	
84	21.6959	
82	25.6851	
80	23.0223	
78	21.6096	
89	27.9609	
88	29.4553	
81	25.4903	
89	25.3794	
81	27.1513	
84	28.9861	
84	28.6039	
82	24.8683	
84	26.1539	
84	25.6544	
83	28.1344	
82	24.5347	
88	26.6332	
80	22.6989	
81	24.4583	
87	22.1488	
79	23.6356	
84	20.7486	
88	26.8284	
86	26.9644	
87	23.9971	
83	24.1418	
85	28.3163	
86	28.7349	
86	26.0362	
85	25.7989	
77	24.9563	
82	22.5781	
84	28.2487	
86	24.6718	
83	21.2738	
82	25.7437	
91	26.9145	
88	24.1857	
85	21.7922	
85	24.0258	
89	24.1083	
85	20.6086	
83	27.8046	
84	26.6757	
86	24.5021	
80	22.6816	
87	19.8782	
86	22.4207	
86	23.7093	
87	23.818	
85	22.3195	
85	24.445	
81	21.8144	
86	26.5954	
87	24.6905	
84	25.1846	
83	23.2077	
86	24.4746	
86	24.7456	
85	24.1445	
78	20.9063	
84	22.6671	
85	24.7655	
87	23.9683	
83	23.1488	
87	25.3611	
83	24.174	
86	22.4311	
83	24.1561	
85	26.7376	
81	26.2145	
84	25.7433	
82	24.5049	
80	21.4914	
84	24.4536	
91	25.1838	
87	20.9369	
90	24.018	
78	21.6038	
77	24.2382	
82	21.8825	
85	27.0463	
85	27.0353	
87	26.3663	
78	21.9495	
87	22.4301	
83	21.6008	
90	27.0451	
85	23.7229	
85	21.8063	
81	22.9345	
81	24.1919	
85	23.0313	
84	25.9216	
87	23.7129	
90	24.8428	
83	20.0938	
82	21.6368	
87	29.0384	
83	24.0126	
92	25.8061	
82	20.917	
84	26.3689	
87	26.6531	
88	24.4772	
88	26.5962	
77	22.7658	
80	24.0211	
80	20.3553	
81	22.8084	
88	24.1031	
82	21.2082	
74	21.7897	
85	25.5954	
80	24.3651	
84	24.2608	
81	20.9079	
87	25.6689	
81	21.9781	
86	22.8875	
90	27.346	
86	26.3132	
83	23.5725	
83	25.4547	
87	23.4791	
90	23.5219	
83	23.7394	
85	23.0169	
89	26.6492	
79	21.5903	
80	23.2198	
82	22.3997	
83	20.5564	
81	22.7525	
86	25.595	
84	22.6187	
84	24.1885	
85	21.3956	
83	22.8373	
86	28.429	
84	24.2383	
87	26.6293	
81	23.9823	
82	20.5926	
84	22.5014	
87	23.8992	
78	22.856	
87	25.9197	
83	25.3827	
80	22.7414	
81	26.8134	
81	23.6891	
87	24.8993	
85	27.2529	
87	23.5354	
79	22.9331	
90	26.4137	
80	18.7282	
82	21.0447	
88	26.2784	
87	28.1481	
82	24.9556	
83	23.4876	
86	26.2312	
87	25.1339	
79	24.7674	
75	21.9526	
85	25.1851	
84	25.3809	
85	21.9724	
84	23.1977	
95	26.283	
87	20.9534	
89	25.3669	
88	28.8086	
78	20.6409	
90	28.2217	
81	23.3495	
84	29.0882	
80	24.746	
81	26.1507	
82	22.4342	
80	24.7674	
85	24.8705	
81	22.997	
82	23.3435	
81	21.8485	
87	24.8117	
86	23.2017	
86	24.8056	
87	22.3566	
81	23.9295	
80	21.374	
92	23.0627	
86	26.0708	
82	22.5741	
80	24.1994	
82	27.2476	
86	24.4513	
81	19.6421	
85	28.1965	
83	23.3823	
86	30.1865	
85	24.7254	
88	26.4775	
83	23.1002	
86	25.3689	
84	26.075	
86	21.5366	
82	26.5778	
83	26.5336	
87	28.8322	
87	26.2203	
83	22.1159	
80	23.5961	
84	24.5729	
83	21.4516	
85	24.0818	
78	24.0621	
87	23.735	
86	23.7118	
77	24.4498	
86	23.9585	
82	24.3924	
81	24.3917	
85	24.189	
86	28.2388	
83	23.377	
74	21.1696	
82	24.1412	
83	23.4532	
81	21.6307	
82	24.8628	
82	21.983	
86	23.1882	
83	24.7461	
84	22.5013	
87	30.0426	
83	26.1466	
83	26.0057	
78	22.6074	
85	23.4012	
85	24.5106	
80	26.8247	
81	26.8053	
84	27.7364	
86	25.0836	
83	26.675	
89	27.4119	
80	21.8498	
86	23.9795	
82	25.4258	
89	24.4768	
90	25.26	
83	26.9883	
86	29.6766	
87	27.8355	
83	22.3626	
76	22.447	
82	27.1902	
87	23.1018	
80	22.2644	
82	28.1878	
84	22.6369	
89	30.2879	
81	25.4179	
85	26.0265	
77	29.8692	
84	27.0589	
82	28.9466	
81	26.2583	
86	25.5202	
74	25.044	
80	26.5932	
80	24.9635	
82	24.7118	
89	27.5799	
85	25.7852	
83	28.681	
80	23.8443	
84	27.4542	
85	27.0806	
82	25.2039	
84	28.2308	
83	29.0441	
84	27.9099	
84	28.815	
81	25.8753	
80	22.9754	
84	27.1056	
87	28.1546	
80	23.4483	
84	28.106	
83	26.2028	
77	23.5307	
80	28.0236	
88	29.7467	
82	26.7683	
80	28.9345	
83	27.1225	
86	26.8618	
81	27.8632	
89	26.0907	
84	24.8295	
81	25.7091	
86	29.8043	
83	23.7617	
80	23.0472	
88	26.9135	
84	24.2897	
84	22.9836	
81	24.1237	
80	18.9864	
80	23.1553	
79	21.6815	
88	24.3111	
81	23.8181	
87	26.5751	
79	24.1728	
79	23.0143	
84	24.6159	
88	22.3309	
80	22.6199	
82	24.8754	
83	29.4751	
85	26.314	
89	26.5693	
84	24.4199	
82	24.1576	
85	20.5126	
85	24.4295	
87	30.4784	
84	25.0961	
85	26.5438	
89	28.7922	
85	24.3072	
85	23.7602	
84	27.234	
85	26.8088	
86	24.3256	
88	26.0028	
84	25.9167	
85	23.1381	
84	21.699	
81	22.9015	
86	27.2125	
80	22.3458	
83	22.179	
81	26.0765	
82	26.8205	
83	24.8138	
82	22.8177	
83	22.3361	
74	20.0518	
80	20.6839	
87	24.2165	
76	22.1329	
89	26.868	
85	25.6472	
78	21.0715	
82	22.4393	
83	25.9002	
79	19.9694	
90	24.1992	
88	25.8688	
89	23.8118	
83	23.1761	
86	23.2978	
83	25.9474	
84	26.69	
83	23.8511	
81	25.9537	
83	23.546	
87	24.0991	
87	29.09	
86	24.4602	
83	26.4572	
85	24.6182	
86	24.38	
87	23.0577	
84	24.6549	
83	23.473	
87	26.0992	
83	25.3934	
87	26.5363	
83	25.8911	
85	21.5099	
85	27.9431	
83	21.8712	
82	26.3493	
83	21.3769	
85	24.3453	

平均83.626	25.2776	
---------------30	
90	26.9304	
85	24.6666	
91	27.4605	
90	27.9201	
86	22.578	
91	25.1712	
93	25.1062	
94	25.9234	
88	24.4346	
91	24.3882	
92	26.526	
90	24.0335	
89	26.8833	
95	28.8465	
86	22.7138	
89	26.0528	
93	28.556	
91	25.1969	
87	27.5221	
92	24.0859	
87	28.5653	
86	27.6439	
87	27.0079	
88	29.6025	
90	26.4382	
83	25.0053	
88	25.7463	
87	29.8795	
88	24.9685	
82	24.6294	
95	30.1904	
89	26.5496	
88	29.5481	
94	26.1771	
86	23.8376	
92	25.5091	
92	27.561	
90	27.257	
83	20.5561	
94	29.6789	
88	27.6179	
87	26.279	
94	21.592	
86	26.3654	
84	21.16	
89	25.6846	
89	26.0132	
87	25.7107	
90	29.7712	
87	24.8765	
93	23.1491	
89	27.9608	
89	26.0229	
86	25.6809	
85	27.5182	
89	22.6795	
85	25.4308	
88	24.0832	
88	22.1071	
89	27.6187	
88	22.464	
92	32.0269	
86	31.3985	
84	20.9094	
93	27.9296	
92	25.3236	
87	28.0914	
88	26.6841	
90	22.6026	
88	27.3282	
94	28.372	
87	25.8137	
81	23.1175	
88	26.1544	
89	25.246	
88	27.2001	
89	24.6395	
88	29.8421	
93	24.1648	
88	25.7878	
86	26.1046	
87	24.7096	
90	32.3643	
87	26.4869	
89	29.6051	
91	25.9858	
87	27.9509	
88	26.0898	
87	22.8897	
89	27.7609	
89	26.9714	
88	27.9413	
93	29.8708	
92	30.7311	
84	27.1059	
87	25.5587	
88	25.8053	
92	25.6426	
89	26.8111	
88	25.1859	
91	25.3257	
87	26.6113	
85	23.5003	
87	27.3138	
88	24.6776	
88	27.0176	
90	26.1641	
90	23.6072	
92	29.0685	
89	27.2214	
89	25.6556	
89	23.0659	
83	21.5556	
87	28.5644	
91	27.7373	
91	28.7212	
85	27.9146	
85	25.8106	
94	30.4433	
87	21.9878	
88	28.2316	
90	23.4224	
90	25.2883	
92	31.5187	
90	24.1858	
92	27.6596	
90	29.1716	
89	25.4405	
92	25.8125	
90	24.6696	
88	23.6427	
89	24.6619	
92	28.455	
88	27.467	
85	28.1315	
89	26.6009	
87	24.8305	
91	25.2978	
86	27.622	
91	23.9746	
88	29.466	
91	30.9416	
91	27.5057	
88	23.3418	
88	26.183	
89	25.2433	
90	25.0546	
93	23.9549	
92	26.6109	
92	26.7653	
88	24.0261	
87	24.7433	
90	27.108	
90	21.6431	
89	25.5678	
93	27.829	
90	28.3548	
89	25.595	
85	24.1702	
88	23.509	
84	23.0472	
90	26.7181	
88	27.3791	
89	26.5697	
86	23.2483	
87	23.5696	
90	28.0098	
89	26.849	
88	26.9867	
87	23.7468	
83	22.1165	
86	20.5117	
86	23.245	
92	24.6193	
91	26.6729	
88	27.1485	
85	24.6833	
81	22.2876	
89	24.7878	
92	29.2826	
90	25.4161	
80	24.9327	
87	25.9744	
91	25.9929	
89	23.257	
90	23.6431	
90	25.5803	
87	23.5435	
88	23.4457	
91	24.9989	
89	26.6503	
89	26.3964	
89	29.7969	
90	24.5469	
89	22.2402	
87	24.1982	
84	21.7657	
94	29.8132	
88	25.8228	
81	18.3397	
88	27.1208	
93	29.3649	
90	30.0214	
91	27.2815	
92	26.1864	
86	27.8435	
94	28.3169	
90	25.0755	
92	30.9948	
92	27.5846	
94	24.4949	
89	22.597	
92	25.7042	
86	21.0358	
91	25.9368	
87	27.3445	
92	24.6361	
89	25.0503	
95	26.6943	
89	30.1663	
88	24.9455	
89	27.0876	
89	26.6156	
89	26.8363	
86	21.7056	
86	23.5575	
86	23.1038	
91	30.0588	
91	26.0652	
91	24.2827	
89	25.178	
88	30.1242	
93	27.6332	
91	31.5442	
90	29.5627	
86	23.0071	
88	28.7266	
87	23.6514	
88	23.5512	
89	26.2797	
90	27.6168	
94	24.0341	
91	26.4541	
92	26.3052	
87	26.2758	
86	22.722	
89	31.6402	
88	27.127	
92	29.3386	
87	30.0438	
88	27.0517	
87	26.4129	
90	25.3422	
91	26.9566	
92	27.914	
93	23.6468	
85	23.0279	
88	26.4157	
86	22.8688	
89	31.2331	
92	30.0226	
88	22.6152	
88	25.4336	
89	25.1877	
91	31.7891	
85	29.0553	
85	24.7772	
86	25.8261	
90	30.1868	
87	25.3403	
85	25.7534	
92	28.5631	
88	25.3972	
94	26.1032	
88	27.6084	
88	31.196	
86	28.1132	
85	24.827	
87	22.7301	
89	24.7771	
92	25.9344	
83	23.4533	
85	28.7235	
88	25.6403	
92	24.7221	
85	23.2448	
87	24.744	
86	24.0836	
92	25.8668	
92	27.3029	
86	27.1011	
86	28.496	
91	24.4885	
82	22.7787	
84	21.0748	
88	26.3615	
88	27.8817	
92	24.6466	
91	23.4217	
93	26.9806	
88	24.3864	
94	28.1993	
86	26.025	
88	26.0959	
88	23.9422	
90	24.054	
89	27.5575	
86	25.3514	
88	24.3347	
91	28.885	
85	24.4331	
83	24.5631	
83	24.5352	
86	23.3386	
81	22.1138	
86	26.3748	
86	26.6874	
88	25.3617	
88	24.9876	
89	25.7083	
92	32.6124	
91	29.2755	
88	32.4484	
89	30.1042	
89	27.4379	
90	25.127	
87	28.7562	
86	25.7862	
88	20.8703	
88	25.0045	
89	30.2881	
87	28.33	
90	24.9104	
89	25.7554	
88	29.1776	
91	25.7998	
89	30.212	
86	25.1085	
89	27.1929	
86	26.1954	
86	22.3513	
86	23.3178	
86	25.5204	
87	27.8243	
91	25.5192	
90	21.8676	
87	24.7351	
86	30.1	
88	24.5185	
89	22.6185	
89	27.4732	
87	24.391	
89	26.3524	
84	22.813	
84	23.2818	
88	28.9031	
90	26.5323	
89	24.22	
86	24.2472	
87	31.1127	
96	31.4143	
86	28.4658	
84	26.4887	
85	24.6455	
88	26.3238	
95	32.6195	
84	29.5721	
91	25.0729	
91	30.2933	
94	30.4234	
90	26.8777	
89	27.7033	
93	26.4924	
87	28.2756	
87	26.3568	
89	27.2075	
92	28.8488	
85	26.9171	
87	25.21	
85	24.3389	
87	25.3249	
94	25.1001	
86	22.7141	
81	23.0301	
76	20.2859	
94	32.4898	
94	27.8497	
86	28.8708	
86	25.3819	
81	25.2553	
89	23.5057	
83	27.2445	
90	27.7983	
90	28.7021	
89	26.389	
84	24.7584	
85	26.877	
87	28.1128	
88	24.1443	
88	24.6832	
83	25.5088	
84	26.0905	
95	28.008	
91	30.2066	
90	25.133	
89	26.4434	
93	22.5133	
87	26.2002	
92	25.0675	
83	27.188	
93	27.292	
89	25.1071	
84	23.4454	
87	26.4465	
87	22.0238	
88	23.5598	
89	25.9562	
89	26.0632	
83	24.9201	
90	26.8497	
85	26.3266	
89	24.4802	
89	27.4366	
92	26.5974	
87	24.1704	
91	26.9334	
89	28.1499	
82	24.1959	
90	26.5357	
85	25.8803	
87	26.1051	
84	24.2028	
92	27.2507	
90	26.0547	
87	24.4455	
92	29.4413	
86	21.1888	
86	25.93	
88	27.2882	
86	27.0555	
93	25.5397	
91	26.088	
88	27.3595	
91	27.6813	
87	21.3619	
87	27.1569	
89	27.3136	
91	24.2345	
85	25.286	
89	25.622	
91	29.1648	
90	23.1944	
85	28.0826	
89	22.6883	
89	27.3103	
91	25.1591	
87	28.1563	
92	24.5383	
91	30.5983	
96	28.3099	
87	26.4413	
89	23.9019	
90	27.8534	
91	25.8286	
87	25.0032	
89	26.069	
85	21.6986	
84	23.2824	
94	24.3826	
87	25.0542	
92	25.5735	
88	23.9134	
90	26.9481	
89	25.521	
92	29.5309	
83	24.7435	
89	23.8897	
93	26.5931	
90	26.4122	
85	20.2626	
86	28.6167	
88	26.2501	
86	27.6898	
89	24.2406	
93	30.6607	
87	25.6898	
95	24.7191	
92	29.7263	
90	24.6082	
90	25.5062	
87	25.5692	
90	26.7783	
88	23.2288	
90	24.1426	
82	20.2871	
90	28.3797	
86	28.3329	
88	23.3984	
89	30.2481	
89	29.9222	
87	26.7558	
87	30.1811	
87	24.2693	
84	24.7929	
91	27.635	
90	26.29	
86	21.7832	
85	24.464	
86	24.5799	
87	25.0812	
94	25.8981	
88	26.7631	
92	29.894	
89	23.0996	
89	30.6252	
85	23.7761	
87	28.2417	
88	23.9133	
87	29.7508	
88	27.7788	
92	30.5252	
90	25.2575	
86	27.4601	
87	26.9748	
87	30.052	
88	23.6941	
93	26.0847	
88	26.335	
92	28.99	
87	25.158	
89	29.2426	
89	22.2209	
88	24.531	
90	26.8425	
84	26.3295	
92	26.2206	
91	25.4149	
86	23.634	
93	28.7397	
93	32.5767	
85	23.9434	
91	26.8683	
91	26.8351	
88	29.459	
86	26.047	
90	27.0744	
84	26.0587	
91	27.981	
88	29.1032	
92	29.7401	
89	27.6197	
92	27.5044	
90	27.8629	
91	24.1388	
90	27.5061	
88	23.0318	
89	26.9911	
88	25.8835	
89	29.1325	
90	27.6084	
88	25.378	
86	26.1106	
82	24.4902	
86	24.3351	
88	24.5568	
89	26.1415	
92	29.6327	
93	25.8197	
84	26.9974	
91	22.4806	
87	27.2795	
83	24.3927	
90	27.4267	
85	24.7527	
83	22.8444	
88	26.692	
90	25.1041	
90	26.9889	
85	20.9947	
89	26.5495	
88	28.6441	
93	31.1598	
87	23.4146	
85	27.7489	
87	27.7586	
90	28.0551	
90	29.3696	
84	30.0986	
89	24.6171	
85	26.9305	
84	24.3754	
88	29.903	
88	24.9495	
87	26.6069	
83	24.5758	
90	25.5539	
85	25.4779	
87	28.5466	
89	23.3337	
90	26.6061	
88	24.1527	
89	26.5002	
88	23.2509	
82	26.034	
91	25.7643	
91	27.7814	
87	25.4048	
89	26.6323	
90	24.4367	
83	26.1318	
91	28.9318	
88	24.6986	
87	27.9859	
89	26.1586	
91	27.5984	
81	21.1935	
84	26.8845	
90	28.2979	
85	25.0248	
92	31.0975	
87	27.2106	
91	27.2984	
91	25.4813	
89	28.0924	
94	25.6298	
81	25.7592	
89	26.4169	
88	27.4018	
90	26.1466	
94	27.4112	
86	24.1346	
86	24.5347	
88	26.339	
83	24.8271	
88	24.2409	
94	28.0341	
92	27.1657	
91	22.7266	
84	22.3342	
86	25.1288	
88	22.4939	
88	27.4228	
87	24.3985	
87	27.5956	
93	27.4137	
92	25.1613	
86	27.318	
87	27.8577	
87	28.4455	
90	22.8094	
83	24.4409	
86	24.4969	
84	22.4231	
86	24.7247	
89	24.2379	
90	26.7946	
90	23.4408	
85	27.9726	
93	26.2484	
90	29.2704	
86	27.9108	
89	26.1627	
92	25.2383	
83	27.9226	
88	26.2976	
90	25.6068	
84	27.2669	
88	25.0458	
87	24.8726	
91	25.9758	
87	23.5227	
88	27.1312	
91	28.2495	
92	28.0061	
89	29.522	
86	27.7703	
91	31.5477	
92	29.2089	
89	25.257	
88	28.4709	
86	23.7779	
89	29.0752	
89	26.1571	
91	29.7247	
86	25.1873	
86	25.9584	
92	27.4885	
85	21.0734	
89	24.1779	
93	28.5101	
92	30.065	
90	30.0435	
87	25.2195	
92	26.4211	
88	25.6661	
87	24.0947	
89	29.8025	
86	21.6385	
88	24.2411	
89	26.6464	
87	26.6926	
88	25.7134	
89	23.4024	
91	28.499	
85	24.7921	
92	27.6339	
84	22.5574	
86	23.2244	
88	28.5503	
85	23.2969	
89	32.417	
88	24.935	
88	29.2705	
90	25.2264	
88	24.5788	
91	25.3435	
92	29.0745	
91	28.2069	
86	24.9521	
91	25.392	
89	25.1424	
88	28.9626	
88	25.582	
87	26.1579	
87	22.2097	
91	26.0492	
91	22.3799	
82	26.0812	
91	26.9767	
90	26.2076	
87	24.1951	
90	26.0212	
85	21.7814	
89	27.6318	
88	26.4152	
88	24.1906	
87	23.6961	
89	25.847	
90	23.4575	
91	25.5538	
92	28.0218	
91	32.6927	
85	28.826	
90	29.2128	
89	29.6103	
86	24.5217	
88	23.8699	
87	23.3531	
89	25.9119	
86	25.5586	
93	27.6664	
90	25.0888	
87	23.2385	
93	27.1727	
88	26.3115	
84	24.5809	
94	32.4261	
87	23.8663	
93	26.1876	
89	27.4095	
91	30.3213	
94	23.1356	
92	29.4176	
93	25.1602	
87	27.3786	
84	29.4864	
86	24.811	
87	27.8151	
84	28.7541	
90	26.5304	
93	27.3664	
88	25.2832	
91	26.8575	
91	26.1548	
89	28.5746	
87	28.4942	
86	21.6475	
90	25.9372	
91	29.0122	
81	29.4074	
91	24.7673	
87	25.2779	
88	26.7108	
91	28.9366	
85	27.8652	
93	24.061	
83	24.3243	
84	24.7029	
92	26.5994	
83	22.4059	
83	27.0603	
87	25.8689	
90	30.5693	
90	29.8443	
88	23.0671	
87	24.17	
89	26.3612	
95	27.6138	
86	28.3822	
92	26.1001	
83	22.7256	
88	23.2434	
91	25.4448	
86	23.8529	
90	23.0469	
84	23.9202	
87	27.3921	
90	23.8025	
88	29.097	
84	25.0967	
89	25.5109	
93	28.8378	
90	30.0066	
90	23.9348	
89	26.9721	
95	30.2706	
88	29.2643	
93	27.4909	
90	22.3052	
89	28.5709	
88	24.5452	
87	23.1508	
84	27.6476	
89	26.2949	
88	27.6006	
89	22.4457	
90	29.6023	
88	25.0606	
85	23.5007	
90	27.3137	
86	25.2969	
88	25.5174	
88	28.8868	
85	22.4463	
91	27.5778	
91	27.6515	
86	23.0563	
86	24.338	
88	27.5969	
90	28.1317	
92	26.4516	
87	27.5516	
90	26.6508	
85	24.4854	
97	31.2476	
91	25.8031	
87	27.0683	
85	25.6765	
88	24.5502	
91	30.0833	
88	26.2605	
84	22.0465	
95	29.2624	
90	25.4103	
84	23.9395	
92	31.1893	
91	28.6542	
91	28.8931	
83	24.8199	
96	27.7025	
87	24.2502	
91	27.2874	
89	24.9306	
88	27.7829	
86	27.0217	
86	26.8833	
89	27.8564	
87	26.1696	
89	22.896	
90	25.2745	
88	26.2744	
87	26.7123	
89	24.7473	
90	27.8187	
90	24.6624	
88	28.2307	
91	28.4236	
92	28.6289	
88	24.5122	
90	27.0727	
94	28.1568	
87	26.5521	
89	26.4523	
87	30.7692	
92	25.5197	
89	26.1973	
89	27.1999	
90	22.9352	
83	24.3805	
89	25.4669	
87	26.0447	
91	26.4011	
86	27.7703	
92	27.0228	
89	23.2309	
92	30.2621	
88	22.5469	
83	25.642	
92	28.7223	
83	22.747	
84	26.4418	
91	26.4802	
87	24.8504	
88	27.5664	
89	24.4215	
88	23.4983	
88	27.7811	
83	25.8033	
89	22.2436	
86	27.6668	
84	24.5126	
89	28.6035	
86	22.5276	
89	24.5402	
86	28.1885	
83	21.1987	
93	27.9368	
93	27.9549	
79	25.5527	
80	20.7608	
87	26.2188	
88	25.8207	
92	26.729	
89	26.3698	
85	24.9891	
91	27.7217	
89	26.9375	
93	30.9542	
95	27.6886	
86	23.4831	
84	23.8863	
86	23.7521	
89	27.5357	
92	31.7483	
92	30.0565	
89	26.3507	
90	28.6145	
90	26.5309	
88	30.8166	
87	26.2875	
89	25.8351	
89	30.2998	
92	28.8393	
89	26.9211	
86	22.4232	
85	23.5973	
88	25.0236	
85	28.2548	
89	23.7173	
89	26.3386	
90	26.3094	
91	29.2781	
88	27.3051	
91	26.468	
90	25.7603	
89	29.6627	
91	22.3228	
87	25.0097	
90	24.662	
90	29.9414	
90	28.5534	
89	29.0665	
92	23.534	
83	25.0653	
91	29.7483	
91	26.5164	
91	26.9999	
91	25.2022	
92	26.5617	
89	25.187	
92	29.0807	
90	26.7984	
86	25.6878	
91	28.3215	
84	26.4268	
85	21.7321	
86	25.8712	
90	27.1555	
90	23.9033	
94	30.6743	
90	26.9268	
86	26.2604	
87	26.5101	
89	27.5979	
87	30.7327	
89	25.4224	
86	22.9247	
91	25.4517	
88	26.1627	
89	27.6894	
95	30.6722	
93	27.6654	
88	22.9057	
88	26.8369	
89	22.9148	
88	26.5063	
92	23.9454	
88	23.8349	
94	24.0578	
84	20.8733	

平均88.526	26.2018	
---------------40	
93	29.8336	
91	26.9637	
88	25.4091	
90	27.5789	
91	26.9261	
92	26.1666	
94	27.4841	
90	26.5237	
93	25.9358	
93	27.0385	
89	28.2476	
96	26.6424	
96	31.0121	
89	28.6399	
92	27.7497	
89	28.0048	
89	26.7743	
91	27.3641	
91	24.6197	
94	28.6108	
93	28.9909	
95	30.2402	
94	28.6005	
93	27.1388	
92	30.0625	
97	31.1206	
90	27.7039	
98	29.6806	
90	25.6258	
91	28.3943	
89	25.4006	
91	23.4855	
96	26.6552	
95	29.2736	
93	24.9158	
92	26.4468	
89	29.6661	
93	32.2263	
95	28.7352	
95	25.0324	
84	25.0529	
96	35.0927	
93	29.2482	
93	26.6761	
96	29.2234	
93	28.3885	
89	29.1319	
89	24.7929	
92	24.0842	
91	27.3733	
94	24.1723	
89	25.406	
93	25.9385	
92	25.7476	
90	26.5469	
91	27.6143	
94	27.2582	
90	27.4389	
90	21.887	
93	25.3275	
90	24.4321	
92	29.2327	
92	24.5492	
92	28.2823	
89	26.7092	
94	29.5401	
91	27.9013	
91	29.1277	
90	23.2491	
96	26.2269	
86	25.3792	
88	26.3556	
90	20.4242	
87	24.3109	
88	27.9172	
89	24.3881	
90	25.456	
92	27.209	
91	24.8741	
94	29.2746	
91	24.9887	
81	23.1623	
93	27.43	
91	22.8041	
91	28.9845	
91	21.8476	
94	26.8598	
90	29.2555	
92	25.3389	
94	29.8179	
95	27.1789	
94	26.4793	
91	25.4479	
93	27.3133	
87	25.4183	
91	28.3071	
88	23.9622	
87	26.3071	
96	28.6687	
92	27.2058	
98	30.9139	
96	27.256	
91	25.8297	
97	29.9591	
92	28.5141	
96	30.8008	
92	28.4353	
91	27.4514	
97	31.0207	
89	24.7131	
92	29.5091	
85	23.4886	
98	31.2301	
93	24.6361	
89	29.0568	
90	30.078	
93	30.4312	
88	27.9573	
94	25.9211	
89	23.6246	
91	26.0772	
92	25.9775	
93	27.0053	
84	22.4334	
90	27.2881	
91	28.588	
93	25.9748	
92	27.4356	
90	27.737	
88	28.0726	
92	26.8796	
90	30.1649	
85	25.2085	
97	31.3864	
92	26.4717	
96	29.6114	
88	25.9707	
92	33.0378	
88	24.9379	
88	27.5771	
91	26.5389	
94	31.2564	
89	30.6638	
91	29.3022	
93	27.3151	
92	26.746	
91	28.0745	
93	28.4518	
91	25.6219	
89	27.3229	
92	26.2969	
94	29.4587	
91	26.7292	
93	25.8621	
95	23.5855	
85	25.2169	
87	26.9264	
86	24.6074	
89	25.8361	
91	27.516	
90	26.159	
86	24.2205	
96	25.5862	
91	31.3966	
91	26.7758	
95	28.8949	
89	25.1222	
90	27.2494	
94	29.2909	
90	24.567	
90	26.3924	
91	27.342	
91	30.2488	
93	27.5229	
89	24.6624	
86	22.1812	
91	26.0051	
90	26.6741	
92	31.7771	
88	21.076	
86	29.0654	
93	27.2374	
94	28.4741	
91	22.7281	
86	25.2227	
95	29.7131	
89	27.6515	
90	24.2251	
90	24.9292	
87	25.7349	
94	27.5623	
92	27.6476	
92	29.3203	
88	27.6393	
90	27.1242	
92	27.7555	
94	28.8176	
94	26.6892	
91	26.1158	
88	26.578	
96	27.9814	
92	28.5942	
96	29.2643	
89	27.2402	
91	27.286	
94	26.4861	
91	26.7302	
89	24.5393	
87	24.9568	
90	25.6942	
92	25.8175	
90	28.7836	
95	26.4137	
93	29.6247	
90	25.5031	
91	25.961	
87	28.2374	
94	27.8628	
89	25.6313	
93	28.3536	
95	25.2895	
93	29.3402	
95	33.9351	
94	30.1171	
92	25.3846	
93	28.6591	
86	25.9278	
93	24.8684	
95	30.2489	
94	28.899	
97	29.8472	
90	23.0578	
87	26.8394	
95	28.7034	
90	32.7117	
91	27.5633	
90	24.3821	
96	27.1846	
92	29.0606	
89	27.7036	
95	27.9825	
93	23.4365	
90	27.8601	
91	24.9682	
92	24.2005	
91	29.9339	
88	25.2515	
89	26.2183	
96	25.8453	
95	29.5106	
91	23.8172	
91	25.4805	
92	26.1907	
90	26.5626	
91	29.7492	
94	25.6719	
89	24.9017	
90	29.17	
90	27.5991	
88	25.1877	
92	26.1448	
91	28.8392	
92	28.1115	
89	25.0014	
90	24.5329	
95	26.7506	
89	24.1199	
94	27.5968	
91	29.8974	
90	25.9112	
90	25.4445	
88	27.9637	
93	28.655	
91	24.9224	
92	29.4657	
98	31.1842	
89	23.8152	
95	30.364	
98	28.6711	
92	28.1292	
93	26.495	
91	22.8702	
84	27.9321	
87	22.2125	
96	28.827	
92	29.1962	
85	26.6418	
92	27.4841	
88	24.651	
94	25.4785	
92	26.2072	
86	27.1637	
88	24.9924	
89	29.9829	
91	25.9536	
91	30.0184	
87	23.4036	
89	26.6227	
90	26.3665	
92	25.8823	
94	28.4898	
94	25.7718	
92	26.7388	
88	26.0689	
94	27.3431	
87	25.4326	
92	30.1896	
92	24.5188	
89	26.5285	
94	26.147	
90	26.9784	
90	27.0097	
97	30.526	
94	25.7577	
92	28.8637	
91	25.9785	
88	24.4301	
91	27.7299	
90	27.3407	
94	27.9674	
88	21.861	
91	27.4474	
89	26.2783	
90	24.6556	
93	25.3163	
97	27.9307	
84	24.8144	
91	26.3273	
91	24.0912	
92	28.827	
91	25.0027	
96	24.7339	
92	26.9753	
94	31.9506	
89	25.9354	
91	28.8271	
95	29.5382	
93	26.7043	
96	25.5594	
92	23.129	
95	30.6054	
88	23.6396	
90	25.8173	
89	22.4036	
92	26.1888	
88	26.4032	
91	23.9974	
93	25.6693	
92	27.1615	
90	25.1354	
92	29.4998	
94	27.7291	
92	24.4711	
87	28.6872	
92	26.2844	
91	28.6361	
88	29.4609	
92	25.6853	
91	22.9686	
86	25.5931	
90	24.2357	
95	26.2932	
91	27.6879	
90	25.7909	
96	27.703	
88	25.2475	
91	27.1008	
94	29.0627	
91	27.4305	
89	25.107	
89	25.0755	
96	27.0404	
95	28.6099	
92	25.9866	
90	29.3712	
88	24.611	
94	30.7363	
86	24.7081	
91	26.2962	
93	28.8305	
94	30.217	
91	29.8637	
96	27.5474	
95	26.5346	
89	25.9791	
94	27.0452	
90	27.0536	
97	27.5683	
91	25.1777	
90	24.8664	
91	28.7861	
95	27.9211	
88	24.2083	
91	23.4709	
92	31.4532	
85	22.7255	
89	27.8748	
91	27.5697	
91	24.5112	
95	30.0862	
87	23.0791	
95	24.5338	
93	27.2888	
91	27.695	
93	28.2232	
91	24.6498	
93	29.0049	
90	28.1549	
94	28.1565	
94	32.7368	
95	26.8661	
93	26.1211	
89	30.6492	
93	26.8416	
94	26.4871	
91	28.3606	
93	25.5092	
89	27.0174	
92	28.0725	
93	24.6256	
91	27.9955	
92	26.425	
90	25.3972	
86	22.3136	
88	24.955	
91	27.5664	
92	30.0737	
88	24.7073	
88	29.0987	
91	27.4418	
91	30.3598	
88	23.9983	
95	28.6647	
92	29.0383	
89	29.7459	
90	27.4778	
91	28.5877	
85	24.2134	
87	29.4558	
93	28.0269	
90	23.8623	
90	26.6029	
92	27.9981	
88	25.041	
86	24.6086	
93	24.8	
87	26.9943	
92	29.7322	
90	24.2873	
91	28.1304	
84	23.8646	
94	26.6286	
95	27.7855	
94	24.9878	
91	24.986	
89	27.1837	
92	27.2133	
91	22.8302	
91	26.8312	
90	28.7786	
87	21.5198	
95	28.5962	
92	26.225	
88	21.5265	
91	26.5894	
85	24.1205	
95	32.0232	
90	27.3694	
90	26.8637	
95	23.849	
94	28.6908	
95	30.7309	
91	29.3183	
91	28.3922	
92	28.2817	
93	26.2618	
94	30.5475	
90	27.6684	
93	29.5728	
86	24.5283	
93	24.8233	
88	25.8372	
92	28.1361	
89	24.9389	
93	27.5147	
92	27.4066	
91	23.6832	
86	27.1168	
94	26.4344	
96	30.6039	
91	30.2797	
90	26.6111	
87	22.8368	
92	28.7753	
85	26.0012	
90	26.029	
90	27.3314	
91	27.1647	
93	26.9245	
92	24.8012	
95	24.2114	
94	29.154	
89	25.5221	
96	29.3026	
92	27.2644	
90	27.6088	
91	24.9849	
88	27.7972	
93	27.038	
85	23.4778	
90	26.2565	
96	28.5834	
90	29.0859	
94	29.9736	
88	27.6248	
92	24.8533	
86	27.6407	
90	26.0297	
85	25.3928	
87	28.9009	
91	30.6352	
96	27.9074	
90	28.9102	
90	26.557	
92	22.5255	
88	26.3448	
92	27.4789	
95	27.7568	
89	28.1494	
94	30.8885	
97	27.3634	
92	30.8188	
90	27.5273	
94	27.7756	
91	27.2687	
86	26.3532	
95	24.8638	
92	24.6609	
91	26.9257	
85	23.9895	
94	26.0748	
90	22.614	
95	33.8992	
88	19.8993	
93	27.9561	
92	27.0151	
90	29.0288	
95	27.5103	
94	24.9236	
93	26.6191	
95	29.5283	
93	25.7165	
92	26.8842	
88	25.7459	
89	27.1221	
98	27.3615	
95	33.8316	
93	26.764	
93	27.2901	
92	28.7616	
91	25.7464	
86	23.9541	
90	22.5334	
89	27.5813	
91	26.7559	
89	28.7584	
90	26.1612	
92	25.3787	
91	24.5193	
92	25.9451	
93	27.7672	
91	25.3497	
95	27.5089	
93	28.6199	
91	26.7562	
93	30.0175	
94	27.4525	
92	25.6023	
91	21.1671	
92	24.9255	
92	24.5882	
96	27.1788	
91	25.7968	
95	25.3843	
93	25.9488	
90	27.0245	
91	28.2548	
94	23.7864	
95	29.6997	
91	25.2579	
84	24.7386	
92	23.374	
93	28.3517	
92	28.4875	
97	27.7014	
89	25.7342	
89	28.861	
91	27.6249	
89	23.7227	
86	25.5176	
89	27.0167	
90	23.3375	
95	23.7157	
91	26.5008	
92	24.6047	
91	27.1885	
99	28.2164	
88	24.3762	
92	31.5501	
96	26.9928	
92	20.6733	
93	30.4594	
92	24.9955	
89	27.3653	
94	26.0026	
85	26.2863	
88	23.5788	
89	29.3349	
89	25.4736	
95	27.2703	
88	24.0059	
94	23.4307	
88	26.2313	
93	26.0474	
87	21.8509	
89	25.7321	
93	28.4382	
87	25.795	
90	26.0582	
92	25.4776	
94	33.5657	
93	29.9639	
92	28.3827	
93	24.1036	
94	27.6313	
94	26.1476	
89	25.2518	
86	23.4997	
93	24.024	
93	26.4753	
92	26.3455	
94	28.8958	
89	29.1843	
89	27.8032	
92	25.7908	
94	24.382	
87	26.8575	
92	27.1035	
93	29.0433	
94	27.6362	
87	28.2942	
93	26.6211	
93	27.3012	
88	23.1606	
93	27.9276	
94	26.9568	
93	25.9439	
94	28.1695	
91	25.5475	
91	26.7579	
90	26.9	
87	23.703	
91	25.919	
93	29.0853	
93	26.1989	
92	26.1855	
97	26.8598	
89	27.3669	
92	30.2144	
95	28.9695	
94	26.3486	
94	27.9639	
86	26.447	
88	27.0126	
92	24.8863	
84	27.9835	
98	30.1681	
91	25.3027	
92	26.3003	
95	29.3536	
94	25.0923	
90	27.191	
91	25.5202	
91	27.3837	
91	27.7229	
88	25.9727	
94	28.282	
90	22.9321	
89	30.2541	
94	27.9011	
96	29.08	
89	25.1296	
90	26.3732	
89	25.9989	
94	28.8049	
91	27.6796	
90	27.895	
93	31.0955	
96	31.419	
89	26.6702	
94	28.8843	
94	29.9156	
88	26.8118	
89	28.3023	
94	25.7397	
92	27.7067	
88	26.8243	
94	26.1869	
91	26.159	
91	25.3186	
87	25.0442	
92	27.6596	
90	28.8354	
89	27.2031	
92	29.7372	
92	25.3774	
94	26.6806	
87	23.4456	
93	25.2071	
87	23.3067	
90	23.3011	
91	26.9092	
88	28.2416	
93	28.2469	
91	26.3042	
95	26.8083	
97	30.667	
94	27.1356	
88	24.2595	
97	24.9921	
91	31.3768	
90	30.0088	
96	31.2063	
90	28.8957	
92	28.4642	
87	22.9286	
86	23.4442	
87	26.0633	
95	30.3779	
95	27.659	
86	25.4301	
93	28.0514	
92	28.607	
90	25.0062	
92	23.0273	
90	25.6306	
96	26.01	
93	25.9104	
93	26.0284	
88	23.5847	
93	26.0652	
96	33.3219	
94	27.4352	
92	26.0223	
91	28.132	
91	23.8699	
92	27.3727	
94	27.4062	
88	28.9834	
92	26.2303	
92	28.6515	
94	28.8843	
92	28.9239	
93	22.1853	
91	29.2817	
88	26.3137	
93	29.3053	
93	27.5264	
93	26.2378	
91	25.9984	
91	27.7102	
88	28.3361	
95	26.3007	
96	22.8138	
93	25.9379	
92	21.9902	
90	28.2164	
91	23.1594	
92	24.351	
96	29.3082	
94	26.0282	
91	27.4047	
87	28.1612	
91	30.2235	
89	22.2476	
91	26.6748	
92	27.3282	
89	25.8393	
95	30.0038	
88	22.9282	
90	26.6563	
86	25.3401	
90	25.484	
88	27.1456	
87	22.3915	
93	24.892	
96	29.2938	
91	29.7052	
88	25.645	
92	26.1798	
89	24.9899	
92	26.4174	
95	28.9966	
89	28.8181	
96	30.9336	
95	26.0452	
90	26.5586	
88	23.0627	
90	28.0229	
90	24.7333	
92	26.2137	
96	27.5615	
89	27.2355	
89	21.9369	
92	28.2413	
94	28.4133	
89	25.3247	
92	27.3987	
90	24.4607	
85	24.517	
90	23.8287	
85	24.2998	
90	27.5825	
93	25.1333	
94	31.5107	
94	25.999	
94	25.9981	
89	24.2348	
88	27.6904	
91	24.2443	
94	30.1452	
96	29.0929	
86	23.043	
95	24.7648	
92	27.0262	
94	26.3975	
91	28.6081	
93	25.1573	
93	25.036	
89	23.8945	
93	26.1242	
94	29.0356	
89	34.2345	
90	25.057	
90	28.807	
91	29.3851	
89	29.643	
96	28.0227	
92	21.36	
94	24.9393	
89	26.0081	
85	30.5869	
91	24.3731	
90	26.9923	
87	25.675	
87	23.4646	
91	25.9862	
87	25.9038	
96	28.6163	
88	27.5686	
89	28.8639	
93	27.2151	
95	28.9125	
90	25.7603	
91	25.7514	
92	26.3345	
91	26.6904	
88	28.929	
95	31.3022	
94	23.775	
90	24.1409	
83	25.8838	
93	25.9043	
90	23.5019	
87	27.3578	
92	26.7834	
88	28.5635	
91	27.2648	
92	30.7391	
92	25.7144	
88	21.6142	
91	25.908	
91	27.5889	
97	31.4346	
94	28.1493	
89	26.7282	
93	29.5595	
94	28.2712	
91	26.3722	
92	26.9223	
86	25.2281	
92	29.8406	
91	24.0525	
95	25.6028	
93	28.4423	
89	24.2743	
92	29.9903	
86	25.0099	
93	27.0053	
88	27.0294	
89	26.1796	
87	30.1942	
90	25.5236	
92	26.3654	
88	25.8054	
85	22.2136	
89	25.6974	
87	24.4447	
97	27.2548	
92	25.9444	
94	27.6267	
92	24.1899	
91	27.6878	
95	29.1966	
89	28.866	
94	26.1695	
90	26.6914	
90	25.0823	
90	26.0086	
90	27.0255	
93	26.554	
91	29.8512	
90	24.0101	
91	24.4636	
91	28.2934	
94	26.0686	
89	23.9719	
89	27.7126	
93	25.5444	
96	29.3769	
92	24.9936	
95	27.7146	
82	21.88	
94	29.2364	
89	25.482	
87	24.833	
95	25.6639	
88	26.1519	
88	28.7957	
92	28.5917	
90	25.4388	
95	26.069	
89	22.1742	
96	27.339	
89	27.9456	
94	25.0591	
92	27.1773	
93	30.3926	
90	27.8303	
92	32.6383	
87	30.4658	
92	24.9278	
93	26.1132	
95	27.2171	
90	28.3671	
88	27.4727	
95	29.7217	
91	27.9244	
95	26.5071	
90	26.1965	
92	25.1115	
89	27.359	
95	26.3262	
88	25.9206	
91	27.2678	
94	27.2738	
91	30.7785	
90	25.7471	
90	29.0464	
89	26.8661	
90	27.6055	
88	28.4195	
93	27.753	
92	25.661	
95	26.8224	
91	25.6163	
90	26.6916	
95	28.9534	
92	26.97	
89	28.6207	
89	30.4829	
92	25.6103	
94	29.6807	
88	25.1884	
89	23.6454	
94	28.0436	
92	28.4043	
96	28.8148	
90	30.6822	
88	25.9285	
89	25.685	
88	25.9758	
90	23.5522	
94	28.1971	
93	26.0152	
87	23.8131	
91	27.4587	
90	28.8826	
89	27.3135	
91	27.2801	

平均91.283	26.8784	
---------------50	
93	28.7276	
91	23.2186	
96	31.6343	
94	29.4403	
93	25.4334	
90	24.2844	
90	28.1332	
95	29.478	
93	27.8719	
94	28.7251	
95	34.0234	
92	29.6523	
95	33.0847	
93	27.6279	
96	25.756	
91	27.2592	
92	27.7568	
95	25.4827	
93	27.9315	
94	24.8371	
93	27.3206	
93	31.888	
93	28.9178	
93	26.4293	
92	27.9672	
94	26.3237	
91	25.5202	
96	27.3221	
94	25.6107	
93	28.3533	
93	25.96	
89	26.5344	
92	29.9382	
92	23.829	
95	27.3821	
95	27.0248	
92	24.9132	
91	26.8771	
93	27.7573	
96	30.7464	
91	24.1418	
94	25.7793	
94	33.2956	
98	33.2094	
94	29.1605	
95	28.3485	
97	26.4661	
92	23.0761	
94	25.5073	
95	32.0161	
88	27.8985	
96	26.2473	
94	34.3448	
97	33.0258	
90	26.1441	
96	28.5195	
90	26.8876	
94	28.2	
91	24.149	
88	24.2107	
96	27.9371	
91	25.4576	
92	26.1152	
95	29.7296	
92	26.6605	
96	29.5636	
94	30.116	
92	24.4701	
91	26.7621	
96	28.4076	
89	27.7427	
94	23.7669	
97	28.4463	
96	28.6497	
95	25.1091	
92	26.3014	
92	28.5038	
96	28.2404	
88	27.6241	
93	28.809	
96	29.2328	
95	27.8331	
89	26.2435	
96	26.3701	
98	32.8441	
96	27.2795	
89	28.1766	
85	28.683	
95	23.4268	
90	28.3324	
93	27.3101	
89	28.7785	
97	30.8049	
90	25.9425	
91	26.7439	
91	26.5607	
95	27.4389	
92	26.0947	
98	27.8187	
92	25.6344	
90	24.7928	
93	31.238	
96	28.6046	
94	25.0155	
92	26.3612	
95	26.7613	
94	24.9349	
97	29.5793	
93	25.555	
92	30.6179	
94	27.4526	
96	29.5691	
95	24.8635	
95	27.8765	
92	25.2458	
93	23.6047	
91	25.612	
94	26.5442	
94	24.1064	
95	31.7849	
94	23.2576	
96	29.2164	
93	25.5148	
92	30.6997	
94	33.4375	
96	26.0322	
93	22.8161	
95	25.185	
95	26.372	
92	29.2439	
93	27.134	
95	25.8225	
94	29.8184	
89	25.7163	
95	28.1491	
92	25.9127	
90	24.427	
95	28.0653	
96	30.0624	
89	25.3401	
90	27.5127	
94	22.3575	
93	24.7336	
90	28.9515	
92	30.8064	
94	28.2341	
95	29.4218	
98	30.7008	
94	27.2026	
94	29.5168	
94	27.0395	
97	25.589	
90	27.7962	
96	27.2708	
92	27.4975	
94	31.9664	
93	26.6453	
94	27.8314	
92	26.6775	
94	29.4152	
93	29.4441	
92	28.2851	
89	28.4903	
93	29.2401	
90	24.6887	
94	27.3282	
93	29.415	
90	25.1291	
95	29.1792	
90	24.6362	
97	24.9365	
93	27.3726	
93	28.8298	
94	27.0914	
91	28.0547	
90	26.5305	
92	23.4828	
92	28.6304	
94	28.4972	
92	24.5232	
92	26.5781	
95	29.5968	
96	25.4123	
97	29.2784	
94	24.3999	
84	23.2464	
91	27.706	
95	26.7072	
89	29.4371	
95	29.7393	
94	28.9128	
94	23.6054	
93	27.0259	
92	26.5113	
91	24.735	
94	28.747	
93	29.0524	
92	30.3671	
96	26.6775	
98	29.6633	
93	28.472	
90	22.4077	
94	27.8535	
94	23.5619	
96	29.8026	
94	28.3505	
90	25.5893	
96	29.743	
91	26.0279	
93	30.6276	
91	26.072	
92	24.4402	
92	25.6558	
92	28.658	
92	26.2961	
95	27.5134	
94	31.0025	
91	26.2092	
96	25.8213	
92	25.2841	
93	26.4548	
93	24.7001	
93	28.3931	
96	29.3629	
89	27.5162	
92	29.5928	
90	24.9904	
94	23.53	
88	27.1161	
95	29.9791	
94	31.5492	
93	26.0859	
92	28.9606	
90	27.1632	
90	26.4482	
93	29.4373	
92	26.9724	
95	25.1228	
93	29.6673	
90	25.8383	
91	23.7939	
95	30.7657	
95	32.3281	
96	29.2436	
93	25.0141	
89	29.6568	
95	30.8422	
96	29.2082	
93	30.5407	
95	25.1655	
90	27.1963	
94	31.9245	
95	30.1114	
94	29.2911	
92	25.2405	
90	26.7752	
91	27.9268	
95	25.1581	
91	23.38	
94	28.5701	
95	27.1949	
90	33.0662	
90	26.4124	
93	25.8607	
94	30.4865	
94	27.6716	
93	27.7043	
94	29.7086	
96	32.9972	
95	26.5326	
92	26.2761	
88	21.6048	
94	25.1193	
94	26.5306	
94	29.4631	
92	31.1179	
91	22.8857	
95	28.8979	
95	29.4418	
95	27.5382	
88	28.5966	
91	26.4715	
91	25.5625	
85	26.0414	
90	27.3025	
93	24.2956	
90	24.2901	
94	27.9765	
92	25.8509	
95	29.6559	
96	33.2323	
95	31.616	
95	26.196	
96	29.4876	
96	26.4467	
94	28.1566	
90	28.2235	
91	25.1145	
91	27.6453	
94	27.5185	
97	26.4716	
93	24.9074	
94	26.089	
91	25.8992	
91	30.4283	
92	22.1165	
96	31.8286	
96	29.8268	
96	27.8526	
92	28.8589	
94	29.2065	
94	28.1932	
93	27.4778	
92	28.2956	
94	30.3222	
92	27.8456	
93	31.2666	
94	26.9002	
88	25.8466	
92	22.865	
89	24.7901	
92	25.9392	
95	29.0625	
92	26.2062	
90	29.7587	
91	26.4105	
89	27.2618	
94	25.8801	
90	27.8383	
92	24.9771	
90	23.2461	
92	25.9683	
90	27.3069	
92	28.1103	
96	23.7973	
93	21.6172	
89	24.6539	
88	24.1377	
90	25.693	
92	28.2237	
95	28.7151	
91	25.9099	
92	26.6521	
96	28.0195	
93	29.3828	
94	27.9961	
93	23.3793	
96	27.1523	
88	24.38	
99	28.067	
92	26.6735	
96	28.4272	
90	28.3489	
95	28.9162	
94	25.5773	
96	24.042	
97	29.1571	
95	29.3804	
93	27.9594	
94	28.3857	
95	23.0039	
93	28.6834	
94	28.0406	
90	26.8446	
91	23.3851	
97	27.4729	
89	24.2831	
94	26.1869	
98	27.0116	
92	28.0945	
89	27.4311	
94	28.0086	
93	26.621	
90	26.4875	
93	25.6026	
93	29.7108	
88	25.5658	
94	28.8819	
92	26.419	
95	22.7672	
87	25.0834	
94	24.7768	
90	24.9469	
94	22.8684	
93	23.3124	
91	31.746	
95	29.3093	
89	29.5341	
89	28.2546	
93	24.5234	
96	35.2157	
96	28.702	
94	27.7426	
96	27.7563	
96	30.0455	
90	26.7579	
92	25.2402	
91	29.2263	
95	28.4742	
94	29.5502	
94	27.9762	
96	28.6559	
91	29.2454	
97	31.1277	
91	21.8914	
91	28.5916	
89	24.0511	
97	28.9877	
91	26.8404	
92	29.6992	
97	28.1969	
93	28.0709	
97	31.0989	
91	28.696	
93	26.216	
93	29.3456	
97	26.9455	
95	25.0762	
94	30.3438	
91	27.112	
92	29.5264	
95	28.1393	
94	25.5573	
93	28.5986	
93	25.1663	
97	27.3473	
90	29.461	
89	27.5449	
91	25.4169	
93	28.0343	
95	29.6353	
94	29.6565	
96	29.2393	
93	33.3661	
93	28.9158	
94	30.1728	
96	31.6209	
92	32.1093	
88	25.6143	
95	29.2852	
95	26.3975	
94	27.4694	
93	24.6341	
95	25.4375	
93	28.9173	
90	26.4636	
93	28.9972	
96	30.1922	
92	29.1261	
93	26.7887	
93	25.44	
93	29.1351	
93	25.349	
86	26.4222	
92	26.656	
89	25.727	
92	27.0552	
91	24.494	
89	25.3513	
94	30.4368	
93	28.1598	
91	30.8296	
96	30.4378	
93	28.4931	
95	23.9862	
94	31.3852	
90	29.2192	
91	28.7119	
92	24.317	
92	25.8539	
93	26.3828	
92	32.5419	
93	25.3824	
92	28.1923	
92	28.1077	
90	27.0939	
93	26.6622	
95	29.2563	
97	32.8567	
93	26.7773	
94	30.7413	
92	25.5669	
93	30.0165	
96	26.4014	
94	31.1358	
93	25.5185	
90	26.5735	
98	26.4658	
93	27.5343	
93	24.3176	
96	26.0604	
96	27.2113	
94	28.4613	
93	29.764	
94	29.1226	
95	29.7919	
94	27.9574	
92	29.6246	
98	29.4016	
96	29.8743	
95	27.4871	
93	26.1704	
97	25.6161	
94	26.0367	
94	28.5447	
89	20.9703	
96	28.6536	
92	28.1502	
93	24.1657	
95	27.6017	
90	25.8747	
96	33.3108	
94	28.3816	
96	27.8579	
94	27.8901	
94	26.9778	
92	30.544	
94	23.2005	
96	28.9163	
94	26.5324	
98	25.5672	
93	27.1562	
95	27.2578	
96	28.8357	
90	27.4396	
90	22.2076	
96	32.3886	
87	26.1203	
96	27.2468	
92	31.9443	
91	27.9771	
90	26.8995	
94	28.4262	
89	28.8279	
94	31.8009	
92	23.3613	
95	26.5826	
93	29.4315	
95	25.3297	
88	26.9194	
92	29.4804	
95	24.4197	
90	24.3285	
89	27.7749	
93	23.6514	
95	34.2355	
96	27.2997	
94	25.5636	
94	27.7771	
96	27.5533	
93	26.5641	
95	29.5791	
98	28.1682	
88	25.1682	
92	32.7348	
92	28.6255	
90	27.3149	
91	27.2952	
95	25.2791	
92	24.3589	
93	22.6099	
94	29.6162	
90	22.9203	
93	27.7923	
90	27.2882	
93	29.398	
92	25.659	
92	28.42	
89	24.4254	
96	29.0983	
93	27.5389	
94	26.9631	
91	27.0017	
93	25.5389	
98	31.3863	
94	30.252	
88	23.3232	
93	30.5941	
92	23.4409	
91	26.3186	
95	28.8881	
96	28.9742	
97	25.1667	
95	25.6106	
93	27.9904	
90	28.824	
94	29.9494	
97	31.6134	
90	26.1009	
92	25.0353	
93	24.0851	
88	23.4706	
93	27.207	
92	26.8107	
91	27.3264	
93	23.8798	
95	26.6291	
96	28.3025	
93	32.1054	
93	26.887	
91	29.9363	
92	23.992	
93	29.3552	
94	30.9848	
93	26.294	
91	26.2504	
94	29.5652	
91	28.7861	
88	24.7895	
91	23.8932	
89	29.0615	
94	27.9281	
88	27.5795	
96	28.7332	
91	21.4254	
94	25.2923	
90	23.6363	
93	24.8392	
92	26.5247	
91	24.8477	
91	25.8094	
94	31.8959	
96	27.2135	
94	24.9626	
90	26.4309	
95	29.5135	
94	23.4353	
95	26.3698	
97	26.8552	
91	25.2708	
94	27.096	
92	27.303	
94	25.946	
96	29.3986	
96	33.1394	
94	32.9884	
98	29.722	
92	25.1433	
93	25.9449	
90	28.5161	
96	26.584	
95	32.2576	
95	26.596	
90	27.2812	
94	26.838	
93	28.5265	
88	24.1116	
94	26.4835	
98	28.9363	
92	26.4629	
92	30.294	
92	24.6617	
91	30.499	
95	28.8681	
96	28.7817	
92	24.041	
90	26.1933	
93	27.1049	
89	23.712	
92	26.8056	
98	26.5791	
88	25.7891	
95	26.8636	
91	25.0633	
93	24.7272	
89	25.867	
96	21.9952	
93	25.1515	
93	27.9245	
98	29.892	
88	22.0406	
92	24.9158	
97	26.9328	
94	30.7559	
95	28.0987	
94	25.335	
91	29.4894	
97	28.2728	
95	26.2295	
97	27.1494	
93	27.7284	
90	24.6495	
98	29.1562	
93	25.1787	
93	28.6366	
90	25.426	
89	24.4496	
87	27.7617	
90	24.4763	
93	27.2472	
93	25.8096	
94	29.6332	
93	23.8896	
95	25.6451	
94	30.927	
95	27.3276	
91	27.5031	
90	25.1865	
93	26.4582	
92	25.6921	
93	30.659	
94	26.3842	
92	27.9571	
93	26.769	
92	26.5926	
95	27.9712	
96	28.0697	
94	26.9555	
95	27.2243	
93	27.5609	
92	26.5265	
95	29.1836	
95	31.17	
92	25.6087	
90	24.1886	
92	28.3039	
89	23.7567	
94	24.6036	
95	29.237	
94	23.8001	
95	24.6347	
92	29.5048	
96	30.1752	
96	27.2923	
95	26.3497	
92	26.6998	
87	23.4506	
91	25.7747	
90	27.313	
93	25.9415	
95	30.7545	
95	30.8517	
93	26.0372	
96	31.3189	
98	34.1177	
91	27.5747	
93	29.4613	
86	23.4997	
94	23.855	
94	26.3201	
90	24.0796	
96	26.7757	
92	28.5559	
94	30.2107	
88	28.7445	
89	23.9522	
90	23.8372	
93	24.4119	
87	23.8838	
90	29.175	
91	30.4129	
90	28.0598	
91	30.413	
93	30.149	
84	23.3144	
89	25.3619	
94	29.8438	
91	25.2196	
95	26.2687	
98	30.2499	
92	26.166	
89	24.8025	
92	27.3938	
95	28.9126	
95	27.2416	
85	22.1994	
93	25.8588	
95	25.7573	
93	30.7637	
94	30.6367	
90	28.7394	
96	28.5516	
94	29.8072	
91	24.7141	
95	27.6679	
92	24.5615	
93	32.551	
93	27.8266	
93	23.1466	
91	30.7483	
90	24.1769	
92	29.9669	
92	27.9417	
91	24.5664	
91	25.8919	
95	26.9999	
89	21.3138	
97	27.2733	
91	27.6045	
87	23.9182	
91	26.0007	
93	28.4131	
94	26.8493	
93	29.0913	
93	26.3768	
99	26.9552	
93	29.268	
95	26.9558	
92	26.1354	
93	27.2546	
93	27.413	
92	29.3754	
90	29.5672	
91	23.6251	
93	28.419	
92	26.2308	
95	32.1278	
92	31.5694	
92	29.5483	
93	31.5884	
91	26.5987	
95	32.6742	
97	27.2019	
94	32.3803	
92	24.1742	
88	29.0463	
93	28.2886	
95	28.24	
94	29.1134	
90	26.3622	
97	26.2761	
92	30.0643	
95	26.028	
90	28.5252	
94	25.6148	
91	24.4584	
94	24.4508	
95	28.0826	
96	29.1281	
90	28.4305	
92	24.0728	
92	24.0019	
95	29.8366	
92	27.6104	
94	29.2168	
95	27.7088	
91	26.462	
98	27.6306	
91	27.9146	
92	24.4854	
93	23.7126	
92	28.162	
93	29.8339	
98	30.887	
95	30.1216	
98	31.2903	
92	29.4606	
94	27.2169	
96	29.1572	
99	31.6034	
98	27.1212	
90	22.7257	
94	27.7274	
86	23.3712	
93	26.8639	
95	24.3239	
91	26.7944	
96	29.4489	
87	26.8745	
92	29.3231	
94	26.7924	
90	27.1411	
92	29.2499	
92	26.3791	
93	26.9247	
92	28.4833	
91	27.7535	
95	29.9127	
95	24.53	
92	26.4077	
91	27.3204	
93	25.999	
93	25.5268	
94	26.4015	
90	25.6141	
89	23.0685	
94	29.8193	
95	27.7749	
88	24.0565	
93	32.3572	
89	29.788	
92	25.6296	
93	23.9705	
90	26.2837	
96	25.7342	
97	27.2132	
92	23.3962	
94	26.4446	
95	32.0333	
90	25.6307	
94	28.9275	
95	33.8274	
94	26.7976	
95	32.2402	
95	29.8153	
99	26.8712	
98	32.8484	
92	25.7966	
96	29.451	
95	30.107	
92	25.681	
93	25.4613	
92	27.3501	
96	26.8213	
91	29.7445	
93	26.6544	
88	27.317	
92	24.6286	
91	25.8871	
95	32.0812	
90	26.9579	
93	25.1285	
93	27.2158	
94	26.3449	
88	29.3922	
90	25.3913	
91	24.1941	
96	28.4687	
94	28.1879	
95	28.3696	
93	27.3916	
93	25.4147	
92	29.9865	
93	29.034	
92	30.1289	
95	27.555	
94	28.1173	
95	24.9027	
91	25.3636	
96	27.1783	
91	26.0802	
93	23.4782	
95	33.9739	
91	24.4296	
96	25.681	
90	23.4114	
97	29.0409	
95	28.0575	
95	29.2322	
91	24.934	
91	26.0533	
91	24.7681	
93	28.9247	
96	26.7958	
94	27.8124	
90	26.0657	
96	30.9589	
90	26.3808	
93	23.0223	
93	28.4241	
93	28.2376	
94	26.0773	
93	29.4502	
96	29.3823	
93	24.0917	
91	28.0057	
94	29.7958	
98	29.7482	
94	29.1966	
96	27.6669	
96	27.1068	
92	26.9821	
92	25.8688	
92	25.6745	
95	26.1612	
92	26.4701	
92	28.9065	
97	31.4739	
91	24.0201	
93	27.2458	
89	24.8078	
91	28.0817	
90	24.3354	
92	30.9184	
92	22.8208	
89	22.4184	
89	22.3435	
97	28.0806	
93	26.7593	
97	28.6236	
97	28.997	
92	27.2406	
95	25.2887	
91	22.5548	
92	20.57	
96	27.5371	
94	24.6543	
95	29.7698	
93	28.0821	
90	28.4148	
90	21.4523	
90	24.6377	
93	26.4648	
94	31.246	
92	27.9165	
92	25.9066	
94	29.8146	
96	29.222	
93	30.688	
92	26.4606	

平均92.981	27.3701	
